GENE	sumZ	numObs	normZ	pval_synth	rank_synth	fdr_synth	pval_supp	rank_supp	fdr_supp
RPA3	-9.15	4	-3.36	0.000387	1	0.19	1	490	1
LIMK2	-10.40	6	-3.11	0.000924	2	0.226	0.999	489	1
PAK3	-7.65	6	-2.27	0.0115	3	0.922	0.989	488	0.993
MOS	-7.50	6	-2.23	0.0129	4	0.922	0.987	487	0.993
AURKC	-7.48	6	-2.22	0.0131	5	0.922	0.987	486	0.993
AKT2	-7.42	6	-2.21	0.0137	6	0.922	0.986	485	0.993
SGK3	-6.81	6	-2.02	0.0217	7	0.922	0.978	484	0.99
NTRK1	-6.39	6	-1.89	0.0294	8	0.922	0.971	483	0.985
INSR	-6.33	6	-1.87	0.0305	9	0.922	0.97	482	0.985
NRK	-6.22	6	-1.84	0.0329	10	0.922	0.967	481	0.985
TEX14	-6.16	6	-1.82	0.0344	11	0.922	0.966	480	0.985
MAPKAPK5	-6.14	6	-1.82	0.0347	12	0.922	0.965	479	0.985
RET	-6.02	6	-1.78	0.0376	13	0.922	0.962	478	0.985
AKT3	-5.88	6	-1.74	0.0413	14	0.922	0.959	477	0.985
MAP3K3	-5.82	6	-1.72	0.043	15	0.922	0.957	476	0.985
PDK2	-5.77	6	-1.70	0.0443	16	0.922	0.956	475	0.985
TYK2	-8.06	12	-1.68	0.0465	17	0.922	0.954	474	0.985
LMTK2	-5.56	6	-1.64	0.0507	18	0.922	0.949	473	0.983
CDC42BPA	-5.43	6	-1.60	0.0549	19	0.922	0.945	472	0.981
MYO3B	-5.43	6	-1.60	0.0549	20	0.922	0.945	471	0.981
ICK	-5.34	6	-1.57	0.0581	21	0.922	0.942	470	0.981
NIM1K	-5.27	6	-1.55	0.0608	22	0.922	0.939	469	0.981
GSK3A	-5.22	6	-1.53	0.0626	23	0.922	0.937	468	0.981
NRBP2	-5.19	6	-1.52	0.0637	24	0.922	0.936	467	0.981
PIM1	-5.16	6	-1.52	0.0649	25	0.922	0.935	466	0.981
RPS6KA6	-7.19	12	-1.49	0.0678	26	0.922	0.932	465	0.981
SRPK3	-4.95	6	-1.45	0.0734	27	0.922	0.927	464	0.978
BCR	-4.94	6	-1.45	0.0737	28	0.922	0.926	463	0.978
MAP3K2	-4.90	6	-1.44	0.0753	29	0.922	0.925	462	0.978
TRIB3	-4.86	6	-1.42	0.0772	30	0.922	0.923	461	0.978
IGF1R	-4.86	6	-1.42	0.0774	31	0.922	0.923	460	0.978
ULK3	-4.79	6	-1.40	0.0802	32	0.922	0.92	459	0.978
MAPK3	-4.60	6	-1.35	0.0893	33	0.922	0.911	458	0.974
RPS6KA5	-6.34	12	-1.31	0.0952	34	0.922	0.905	457	0.97
ILK	-4.43	6	-1.29	0.098	35	0.922	0.902	456	0.969
ERBB2	-4.34	6	-1.26	0.103	36	0.922	0.897	455	0.966
PTK2	-4.33	6	-1.26	0.103	37	0.922	0.897	454	0.966
PLK4	-4.27	6	-1.24	0.107	38	0.922	0.893	453	0.966
PRKCZ	-4.20	6	-1.22	0.11	39	0.922	0.89	452	0.964
ZAK	-4.18	6	-1.22	0.112	40	0.922	0.888	451	0.964
RPS6KL1	-4.17	6	-1.21	0.112	41	0.922	0.888	450	0.964
CAMK4	-4.15	6	-1.21	0.114	42	0.922	0.886	449	0.964
SBK1	-4.11	6	-1.20	0.116	43	0.922	0.884	448	0.964
PIM2	-4.06	6	-1.18	0.119	44	0.922	0.881	447	0.964
MAP3K14	-4.03	6	-1.17	0.121	45	0.922	0.879	446	0.964
CAMK2G	-4.02	6	-1.17	0.121	46	0.922	0.879	445	0.964
EIF2AK3	-4.02	6	-1.17	0.122	47	0.922	0.878	444	0.964
PAK2	-3.98	6	-1.16	0.124	48	0.922	0.876	443	0.964
PSKH2	-3.98	6	-1.16	0.124	49	0.922	0.876	442	0.964
FGFR3	-3.94	6	-1.14	0.127	50	0.922	0.873	441	0.964
NEK4	-3.85	6	-1.12	0.132	51	0.922	0.868	440	0.964
MAP4K5	-3.84	6	-1.11	0.133	52	0.922	0.867	439	0.964
PRKCB	-3.84	6	-1.11	0.133	53	0.922	0.867	438	0.964
VRK3	-3.82	6	-1.11	0.134	54	0.922	0.866	437	0.964
IRAK2	-3.75	6	-1.09	0.139	55	0.922	0.861	436	0.964
STK33	-3.72	6	-1.08	0.141	56	0.922	0.859	435	0.964
PKN3	-3.63	6	-1.05	0.147	57	0.922	0.853	434	0.963
MATK	-3.61	6	-1.04	0.148	58	0.922	0.852	433	0.963
CHEK2	-3.59	6	-1.04	0.15	59	0.922	0.85	432	0.963
MERTK	-3.57	6	-1.03	0.151	60	0.922	0.849	431	0.963
PDK3	-3.52	6	-1.02	0.155	61	0.922	0.845	430	0.963
SGK2	-3.47	6	-1.00	0.158	62	0.922	0.842	429	0.961
BMPR1B	-3.41	6	-0.98	0.163	63	0.922	0.837	428	0.958
CDK16	-3.38	6	-0.97	0.165	64	0.922	0.835	427	0.958
MAPK1	-3.38	6	-0.97	0.165	65	0.922	0.835	426	0.958
SIK1	-3.33	6	-0.96	0.169	66	0.922	0.831	425	0.958
MAP2K1	-3.32	6	-0.95	0.17	67	0.922	0.83	424	0.958
STK26	-3.32	6	-0.95	0.17	68	0.922	0.83	423	0.958
EPHA4	-3.31	6	-0.95	0.171	69	0.922	0.829	422	0.958
MAPK10	-3.29	6	-0.95	0.172	70	0.922	0.828	421	0.958
MAP3K9	-3.26	6	-0.94	0.175	71	0.922	0.825	420	0.958
TGFBR2	-3.24	6	-0.93	0.176	72	0.922	0.824	419	0.958
VRK1	-3.24	6	-0.93	0.176	73	0.922	0.824	418	0.958
CDK13	-3.23	6	-0.93	0.177	74	0.922	0.823	417	0.958
NEK7	-3.15	6	-0.90	0.184	75	0.922	0.816	416	0.958
STK4	-3.14	6	-0.90	0.184	76	0.922	0.816	415	0.958
DAPK2	-3.12	6	-0.89	0.186	77	0.922	0.814	414	0.958
PBK	-3.11	6	-0.89	0.186	78	0.922	0.814	413	0.958
CDK2	-3.07	6	-0.88	0.19	79	0.922	0.81	412	0.958
BMPR1A	-3.07	6	-0.88	0.19	80	0.922	0.81	411	0.958
NUAK1	-3.06	6	-0.87	0.191	81	0.922	0.809	410	0.958
TIE1	-3.05	6	-0.87	0.191	82	0.922	0.809	409	0.958
JAK2	-4.30	12	-0.87	0.192	83	0.922	0.808	408	0.958
IKBKB	-3.01	6	-0.86	0.195	84	0.922	0.805	407	0.958
STK32B	-2.99	6	-0.85	0.197	85	0.922	0.803	406	0.958
FGFR1	-2.99	6	-0.85	0.197	86	0.922	0.803	405	0.958
FRK	-2.93	6	-0.84	0.202	87	0.922	0.798	404	0.958
SRC	-2.85	6	-0.81	0.209	88	0.922	0.791	403	0.958
Rosa26	-1.16	1	-0.81	0.21	89	0.922	0.79	402	0.958
MYLK4	-2.80	6	-0.80	0.213	90	0.922	0.787	401	0.958
SNRK	-2.75	6	-0.78	0.218	91	0.922	0.782	400	0.958
DYRK1A	-2.74	6	-0.78	0.218	92	0.922	0.782	399	0.958
CDC42BPG	-2.70	6	-0.77	0.222	93	0.922	0.778	398	0.958
NTRK2	-2.64	6	-0.75	0.227	94	0.922	0.773	397	0.954
MAST3	-2.61	6	-0.74	0.231	95	0.922	0.769	396	0.952
TLK1	-2.57	6	-0.73	0.234	96	0.922	0.766	395	0.95
BRSK1	-2.56	6	-0.72	0.235	97	0.922	0.765	394	0.95
BTK	-2.54	6	-0.72	0.236	98	0.922	0.764	393	0.95
ACVRL1	-2.54	6	-0.72	0.237	99	0.922	0.763	392	0.95
STK36	-2.53	6	-0.71	0.238	100	0.922	0.762	391	0.95
CAMK2A	-2.53	6	-0.71	0.238	101	0.922	0.762	390	0.95
ITK	-2.50	6	-0.70	0.241	102	0.922	0.759	389	0.95
BLK	-2.49	6	-0.70	0.242	103	0.922	0.758	388	0.95
DAPK1	-2.45	6	-0.69	0.245	104	0.922	0.755	387	0.95
MAP2K5	-2.43	6	-0.68	0.247	105	0.922	0.753	386	0.95
GCK	-2.43	6	-0.68	0.247	106	0.922	0.753	385	0.95
TXK	-2.37	6	-0.66	0.253	107	0.922	0.747	384	0.95
IKBKE	-2.35	6	-0.66	0.255	108	0.922	0.745	383	0.95
ABL2	-2.34	6	-0.66	0.256	109	0.922	0.744	382	0.95
WNK4	-2.34	6	-0.65	0.256	110	0.922	0.744	381	0.95
IRAK4	-2.33	6	-0.65	0.257	111	0.922	0.743	380	0.95
SCYL2	-2.32	6	-0.65	0.258	112	0.922	0.742	379	0.95
NEK10	-2.29	6	-0.64	0.261	113	0.922	0.739	378	0.95
JAK1	-3.24	12	-0.64	0.261	114	0.922	0.739	377	0.95
RIPK2	-2.26	6	-0.63	0.264	115	0.922	0.736	376	0.95
FLT3	-2.25	6	-0.63	0.265	116	0.922	0.735	375	0.95
MELK	-2.23	6	-0.62	0.267	117	0.922	0.733	374	0.95
MKNK1	-2.23	6	-0.62	0.267	118	0.922	0.733	373	0.95
MARK3	-2.23	6	-0.62	0.267	119	0.922	0.733	372	0.95
MKNK2	-2.20	6	-0.61	0.27	120	0.922	0.73	371	0.95
SGK494	-2.20	6	-0.61	0.27	121	0.922	0.73	370	0.95
CIT	-2.20	6	-0.61	0.27	122	0.922	0.73	369	0.95
CDKL1	-2.18	6	-0.61	0.273	123	0.922	0.727	368	0.95
PLK3	-2.16	6	-0.60	0.274	124	0.922	0.726	367	0.95
PRKACA	-2.15	6	-0.60	0.275	125	0.922	0.725	366	0.95
EPHB4	-2.12	6	-0.59	0.278	126	0.922	0.722	365	0.95
CDK15	-2.11	6	-0.59	0.279	127	0.922	0.721	364	0.95
MAK	-2.11	6	-0.58	0.279	128	0.922	0.721	363	0.95
MAST4	-2.08	6	-0.58	0.282	129	0.922	0.718	362	0.95
CAMK1	-2.07	6	-0.57	0.283	130	0.922	0.717	361	0.95
STK38L	-2.07	6	-0.57	0.283	131	0.922	0.717	360	0.95
CDK12	-2.05	6	-0.57	0.285	132	0.922	0.715	359	0.95
CDK17	-2.02	6	-0.56	0.289	133	0.922	0.711	358	0.95
MAP4K1	-2.00	6	-0.55	0.291	134	0.922	0.709	357	0.95
PDGFRB	-2.00	6	-0.55	0.291	135	0.922	0.709	356	0.95
DCLK3	-1.99	6	-0.55	0.292	136	0.922	0.708	355	0.95
STK32C	-1.98	6	-0.55	0.292	137	0.922	0.708	354	0.95
NUAK2	-1.98	6	-0.55	0.292	138	0.922	0.708	353	0.95
PRKCA	-1.98	6	-0.55	0.292	139	0.922	0.708	352	0.95
MAP3K1	-1.98	6	-0.54	0.293	140	0.922	0.707	351	0.95
MARK4	-1.94	6	-0.53	0.297	141	0.922	0.703	350	0.95
EPHA6	-1.91	6	-0.52	0.3	142	0.922	0.7	349	0.95
YES1	-1.90	6	-0.52	0.301	143	0.922	0.699	348	0.95
AXL	-1.87	6	-0.51	0.304	144	0.922	0.696	347	0.95
RIPK4	-1.86	6	-0.51	0.305	145	0.922	0.695	346	0.95
NEK3	-1.84	6	-0.50	0.307	146	0.922	0.693	345	0.95
ROCK2	-1.84	6	-0.50	0.308	147	0.922	0.692	344	0.95
ADRBK1	-1.84	6	-0.50	0.308	148	0.922	0.692	343	0.95
MAPK8	-1.82	6	-0.50	0.309	149	0.922	0.691	342	0.95
PTK6	-1.81	6	-0.49	0.31	150	0.922	0.69	341	0.95
MAPKAPK2	-1.81	6	-0.49	0.311	151	0.922	0.689	340	0.95
RPS6KA1	-2.55	12	-0.49	0.311	152	0.922	0.689	339	0.95
PRKCQ	-1.79	6	-0.49	0.313	153	0.922	0.687	338	0.95
MAP2K7	-1.78	6	-0.48	0.314	154	0.922	0.686	337	0.95
MAPKAPK3	-1.77	6	-0.48	0.316	155	0.922	0.684	336	0.95
MASTL	-2.43	12	-0.47	0.321	156	0.922	0.679	335	0.95
PDK1	-1.37	4	-0.45	0.325	157	0.922	0.675	334	0.95
PRKCI	-1.67	6	-0.45	0.326	158	0.922	0.674	333	0.95
LATS1	-1.61	6	-0.43	0.333	159	0.922	0.667	332	0.95
DYRK1B	-1.60	6	-0.43	0.334	160	0.922	0.666	331	0.95
SMG1	-1.59	6	-0.43	0.335	161	0.922	0.665	330	0.95
OBSCN	-2.24	12	-0.42	0.335	162	0.922	0.665	329	0.95
CAMKV	-1.57	6	-0.42	0.337	163	0.922	0.663	328	0.95
LRRK1	-1.49	6	-0.40	0.346	164	0.922	0.654	327	0.95
MAP2K3	-1.47	6	-0.39	0.348	165	0.922	0.652	326	0.95
MYLK2	-1.46	6	-0.39	0.35	166	0.922	0.65	325	0.95
EPHB2	-1.44	6	-0.38	0.351	167	0.922	0.649	324	0.95
TESK2	-1.43	6	-0.38	0.353	168	0.922	0.647	323	0.95
ADCK2	-1.42	6	-0.37	0.354	169	0.922	0.646	322	0.95
GUCY2F	-1.40	6	-0.37	0.357	170	0.922	0.643	321	0.95
PKN1	-1.35	6	-0.35	0.362	171	0.922	0.638	320	0.95
ACVR1	-1.35	6	-0.35	0.362	172	0.922	0.638	319	0.95
AK3	-1.34	6	-0.35	0.363	173	0.922	0.637	318	0.95
GRK4	-1.30	6	-0.34	0.367	174	0.922	0.633	317	0.95
ALK	-1.30	6	-0.34	0.368	175	0.922	0.632	316	0.95
STK39	-1.30	6	-0.34	0.368	176	0.922	0.632	315	0.95
PRKX	-1.30	6	-0.34	0.368	177	0.922	0.632	314	0.95
SGK1	-1.26	6	-0.33	0.372	178	0.922	0.628	313	0.95
CAMK1D	-1.25	6	-0.32	0.374	179	0.922	0.626	312	0.95
CDKL2	-1.24	6	-0.32	0.374	180	0.922	0.626	311	0.95
MYLK3	-1.24	6	-0.32	0.374	181	0.922	0.626	310	0.95
NTRK3	-1.22	6	-0.31	0.377	182	0.922	0.623	309	0.95
MLKL	-1.19	6	-0.30	0.38	183	0.922	0.62	308	0.95
CDKL4	-1.18	6	-0.30	0.381	184	0.922	0.619	307	0.95
CSK	-1.17	6	-0.30	0.383	185	0.922	0.617	306	0.95
PRKAA2	-1.17	6	-0.30	0.383	186	0.922	0.617	305	0.95
DSTYK	-1.16	6	-0.29	0.384	187	0.922	0.616	304	0.95
PNCK	-1.16	6	-0.29	0.384	188	0.922	0.616	303	0.95
SPEG	-1.62	12	-0.29	0.386	189	0.922	0.614	302	0.95
ROR2	-1.13	6	-0.29	0.387	190	0.922	0.613	301	0.95
PRKACG	-1.13	6	-0.29	0.387	191	0.922	0.613	300	0.95
ARAF	-1.13	6	-0.29	0.388	192	0.922	0.612	299	0.95
NEK5	-1.08	6	-0.27	0.393	193	0.922	0.607	298	0.95
ZAP70	-1.07	6	-0.27	0.394	194	0.922	0.606	297	0.95
MAPK6	-1.05	6	-0.26	0.396	195	0.922	0.604	296	0.95
MAP3K4	-1.05	6	-0.26	0.397	196	0.922	0.603	295	0.95
LTK	-1.04	6	-0.26	0.398	197	0.922	0.602	294	0.95
DAPK3	-1.03	6	-0.26	0.399	198	0.922	0.601	293	0.95
PDPK1	-0.94	5	-0.25	0.4	199	0.922	0.6	292	0.95
WNK3	-1.03	6	-0.25	0.4	200	0.922	0.6	291	0.95
STYK1	-1.00	6	-0.25	0.402	201	0.922	0.598	290	0.95
MAP2K2	-0.97	6	-0.24	0.406	202	0.922	0.594	289	0.95
KALRN	-0.89	5	-0.24	0.406	203	0.922	0.594	288	0.95
GRK5	-0.96	6	-0.24	0.407	204	0.922	0.593	287	0.95
PRKCE	-0.96	6	-0.24	0.407	205	0.922	0.593	286	0.95
MAP3K7	-0.96	6	-0.23	0.408	206	0.922	0.592	285	0.95
TYRO3	-0.95	6	-0.23	0.408	207	0.922	0.592	284	0.95
HUNK	-0.92	6	-0.22	0.412	208	0.922	0.588	283	0.95
FGFR2	-0.91	6	-0.22	0.414	209	0.922	0.586	282	0.95
DMPK	-0.89	6	-0.21	0.416	210	0.922	0.584	281	0.95
NEK2	-0.88	6	-0.21	0.417	211	0.922	0.583	280	0.95
PRKAA1	-0.85	6	-0.20	0.42	212	0.922	0.58	279	0.95
MINK1	-0.83	6	-0.20	0.422	213	0.922	0.578	278	0.95
RAF1	-0.83	6	-0.20	0.423	214	0.922	0.577	277	0.95
ULK4	-0.82	6	-0.19	0.424	215	0.922	0.576	276	0.95
ABL1	-0.82	6	-0.19	0.424	216	0.922	0.576	275	0.95
EPHA5	-0.81	6	-0.19	0.426	217	0.922	0.574	274	0.95
PIM3	-0.79	6	-0.18	0.428	218	0.922	0.572	273	0.95
PSKH1	-0.78	6	-0.18	0.429	219	0.922	0.571	272	0.95
EPHB3	-0.76	6	-0.17	0.431	220	0.922	0.569	271	0.95
PLK1	-0.74	6	-0.17	0.433	221	0.922	0.567	270	0.95
CDKL3	-0.67	6	-0.15	0.442	222	0.922	0.558	269	0.95
TNIK	-0.59	6	-0.12	0.451	223	0.922	0.549	268	0.95
PDK4	-0.58	6	-0.12	0.453	224	0.922	0.547	267	0.95
KDR	-0.52	6	-0.10	0.461	225	0.922	0.539	266	0.95
EPHB6	-0.52	6	-0.10	0.461	226	0.922	0.539	265	0.95
CHUK	-0.49	6	-0.09	0.464	227	0.922	0.536	264	0.95
ADCK4	-0.47	6	-0.08	0.467	228	0.922	0.533	263	0.95
PKN2	-0.45	6	-0.08	0.469	229	0.922	0.531	262	0.95
BMP2K	-0.44	6	-0.08	0.47	230	0.922	0.53	261	0.95
MAST2	-0.44	6	-0.07	0.47	231	0.922	0.53	260	0.95
MAP3K10	-0.44	6	-0.07	0.47	232	0.922	0.53	259	0.95
EPHA8	-0.41	6	-0.07	0.473	233	0.922	0.527	258	0.95
NEK11	-0.40	6	-0.06	0.475	234	0.922	0.525	257	0.95
BUB1B	-0.39	6	-0.06	0.476	235	0.922	0.524	256	0.95
ADCK5	-0.38	6	-0.06	0.477	236	0.922	0.523	255	0.95
PHKG1	-0.34	6	-0.05	0.482	237	0.922	0.518	254	0.95
LIMK1	-0.32	6	-0.04	0.484	238	0.922	0.516	253	0.95
TSSK6	-0.31	6	-0.04	0.486	239	0.922	0.514	252	0.95
GSG2	-0.29	6	-0.03	0.488	240	0.922	0.512	251	0.95
STK16	-0.25	6	-0.02	0.492	241	0.922	0.508	250	0.95
MAPK15	-0.25	6	-0.02	0.493	242	0.922	0.507	249	0.95
PRKD3	-0.24	6	-0.02	0.494	243	0.922	0.506	248	0.95
TAOK1	-0.21	6	-0.01	0.497	244	0.922	0.503	247	0.95
TBK1	-0.20	6	-0.00	0.499	245	0.922	0.501	246	0.95
MAP4K3	-0.20	6	-0.00	0.499	246	0.922	0.501	245	0.95
CLK2	-0.19	6	-0.00	0.5	247	0.922	0.5	244	0.95
ERBB3	-0.19	6	0.00	0.5	248	0.922	0.5	243	0.95
PRPF4B	-0.17	6	0.01	0.502	249	0.922	0.498	242	0.95
RIOK3	-0.17	6	0.01	0.502	250	0.922	0.498	241	0.95
TSSK2	-0.16	6	0.01	0.503	251	0.922	0.497	240	0.95
SBK2	-0.15	6	0.01	0.505	252	0.922	0.495	239	0.95
WEE2	-0.14	6	0.01	0.506	253	0.922	0.494	238	0.95
CASK	-0.11	6	0.02	0.51	254	0.922	0.49	237	0.95
CSNK2A2	-0.11	6	0.02	0.51	255	0.922	0.49	236	0.95
LYN	-0.10	6	0.03	0.512	256	0.922	0.488	235	0.95
PRKCD	-0.08	6	0.03	0.513	257	0.922	0.487	234	0.95
AMHR2	-0.08	6	0.03	0.514	258	0.922	0.486	233	0.95
ADRBK2	-0.07	6	0.04	0.515	259	0.922	0.485	232	0.95
PRKY	-0.06	5	0.04	0.515	260	0.922	0.485	231	0.95
SCYL1	-0.04	6	0.05	0.519	261	0.922	0.481	230	0.95
PDGFRA	-0.03	6	0.05	0.52	262	0.922	0.48	229	0.95
PRKDC	0.01	6	0.06	0.524	263	0.922	0.476	228	0.95
MAP3K6	0.01	6	0.06	0.525	264	0.922	0.475	227	0.95
RIPK3	0.03	6	0.07	0.527	265	0.922	0.473	226	0.95
FGR	0.04	6	0.07	0.528	266	0.922	0.472	225	0.95
CONTROL	0.12	50	0.07	0.528	267	0.922	0.472	224	0.95
TTBK2	0.05	6	0.07	0.529	268	0.922	0.471	223	0.95
LCK	0.05	6	0.07	0.529	269	0.922	0.471	222	0.95
AKT1	0.06	6	0.08	0.53	270	0.922	0.47	221	0.95
STK35	0.06	6	0.08	0.531	271	0.922	0.469	220	0.95
SCYL3	0.07	6	0.08	0.532	272	0.922	0.468	219	0.95
SIK2	0.09	6	0.08	0.534	273	0.922	0.466	218	0.95
PDIK1L	0.09	6	0.09	0.534	274	0.922	0.466	217	0.95
VRK2	0.10	6	0.09	0.536	275	0.922	0.464	216	0.95
DCLK2	0.14	6	0.10	0.54	276	0.922	0.46	215	0.95
FLT4	0.16	6	0.11	0.543	277	0.922	0.457	214	0.95
DDR2	0.17	6	0.11	0.544	278	0.922	0.456	213	0.95
ANKK1	0.17	6	0.11	0.544	279	0.922	0.456	212	0.95
STK38	0.17	6	0.11	0.544	280	0.922	0.456	211	0.95
RPL23A	0.12	3	0.11	0.545	281	0.922	0.455	210	0.95
IRAK1	0.18	6	0.11	0.545	282	0.922	0.455	209	0.95
DDR1	0.18	6	0.11	0.546	283	0.922	0.454	208	0.95
MAPK13	0.19	6	0.12	0.546	284	0.922	0.454	207	0.95
KIT	0.20	6	0.12	0.548	285	0.922	0.452	206	0.95
HCK	0.21	6	0.12	0.549	286	0.922	0.451	205	0.95
CDK11B	0.21	6	0.12	0.549	287	0.922	0.451	204	0.95
ATM	0.22	6	0.13	0.55	288	0.922	0.45	203	0.95
PRKCH	0.23	6	0.13	0.551	289	0.922	0.449	202	0.95
DCLK1	0.23	6	0.13	0.552	290	0.922	0.448	201	0.95
RIOK2	0.24	6	0.13	0.552	291	0.922	0.448	200	0.95
MAPK12	0.26	6	0.14	0.555	292	0.922	0.445	199	0.95
PRKD2	0.28	6	0.14	0.557	293	0.922	0.443	198	0.95
RPS6KA2	0.43	12	0.15	0.56	294	0.922	0.44	197	0.95
EGFR	0.30	6	0.15	0.56	295	0.922	0.44	196	0.95
CDK4	0.32	6	0.16	0.562	296	0.922	0.438	195	0.95
PLK2	0.34	6	0.16	0.564	297	0.922	0.436	194	0.95
ROS1	0.36	6	0.17	0.567	298	0.922	0.433	193	0.95
PIK3R4	0.39	6	0.18	0.57	299	0.922	0.43	192	0.95
EPHB1	0.41	6	0.18	0.573	300	0.922	0.427	191	0.95
MAP4K4	0.42	6	0.19	0.574	301	0.922	0.426	190	0.95
TNK2	0.46	6	0.20	0.579	302	0.922	0.421	189	0.95
RPS6KA4	0.65	12	0.20	0.579	303	0.922	0.421	188	0.95
PRKACB	0.47	6	0.20	0.58	304	0.922	0.42	187	0.95
CDK20	0.47	6	0.20	0.58	305	0.922	0.42	186	0.95
GUCY2D	0.50	6	0.21	0.583	306	0.922	0.417	185	0.95
TNK1	0.50	6	0.21	0.583	307	0.922	0.417	184	0.95
MOK	0.50	6	0.21	0.584	308	0.922	0.416	183	0.95
STK10	0.50	6	0.21	0.584	309	0.922	0.416	182	0.95
CSNK1E	0.51	6	0.21	0.585	310	0.922	0.415	181	0.95
EPHA2	0.51	6	0.21	0.585	311	0.922	0.415	180	0.95
CSNK1G2	0.55	6	0.23	0.589	312	0.926	0.411	179	0.95
DYRK4	0.59	6	0.24	0.594	313	0.93	0.406	178	0.95
TAOK3	0.65	6	0.26	0.601	314	0.936	0.399	177	0.95
UHMK1	0.67	6	0.26	0.604	315	0.936	0.396	176	0.95
RYK	0.68	6	0.27	0.605	316	0.936	0.395	175	0.95
FASTK	0.71	6	0.27	0.608	317	0.936	0.392	174	0.95
MYO3A	0.72	6	0.28	0.61	318	0.936	0.39	173	0.95
TTN	0.73	6	0.28	0.611	319	0.936	0.389	172	0.95
PASK	0.81	6	0.30	0.62	320	0.936	0.38	171	0.95
RPS6KA3	1.14	12	0.30	0.62	321	0.936	0.38	170	0.95
TTBK1	0.81	6	0.30	0.62	322	0.936	0.38	169	0.95
TRIB2	0.81	6	0.31	0.621	323	0.936	0.379	168	0.95
SIK3	0.86	6	0.32	0.626	324	0.936	0.374	167	0.95
FER	0.87	6	0.32	0.627	325	0.936	0.373	166	0.95
CDKL5	0.93	6	0.34	0.634	326	0.936	0.366	165	0.95
NEK9	0.96	6	0.35	0.638	327	0.936	0.362	164	0.95
RIOK1	0.97	6	0.35	0.638	328	0.936	0.362	163	0.95
CDK14	0.98	6	0.36	0.639	329	0.936	0.361	162	0.95
NEK6	0.98	6	0.36	0.639	330	0.936	0.361	161	0.95
LATS2	0.99	6	0.36	0.64	331	0.936	0.36	160	0.95
PINK1	1.03	6	0.37	0.645	332	0.936	0.355	159	0.95
NEK8	1.03	6	0.37	0.645	333	0.936	0.355	158	0.95
INSRR	1.04	6	0.37	0.646	334	0.936	0.354	157	0.95
PHKG2	1.05	6	0.38	0.647	335	0.936	0.353	156	0.95
TSSK1B	1.09	6	0.39	0.652	336	0.936	0.348	155	0.95
MUSK	1.10	6	0.40	0.654	337	0.936	0.346	154	0.95
CDK6	1.11	6	0.40	0.654	338	0.936	0.346	153	0.95
AATK	1.12	6	0.40	0.655	339	0.936	0.345	152	0.95
HIPK2	1.12	6	0.40	0.656	340	0.936	0.344	151	0.95
STKLD1	1.14	6	0.41	0.658	341	0.936	0.342	150	0.95
EIF2AK2	1.16	6	0.41	0.66	342	0.936	0.34	149	0.95
MAP2K6	1.16	6	0.41	0.66	343	0.936	0.34	148	0.95
SLK	1.18	6	0.42	0.663	344	0.936	0.337	147	0.95
EIF2AK4	1.68	12	0.42	0.663	345	0.936	0.337	146	0.95
TRPM6	1.22	6	0.43	0.667	346	0.936	0.333	145	0.95
EIF2AK1	1.22	6	0.43	0.667	347	0.936	0.333	144	0.95
HIPK4	1.23	6	0.43	0.668	348	0.936	0.332	143	0.95
MAPK14	1.25	6	0.44	0.67	349	0.936	0.33	142	0.95
FYN	1.27	6	0.45	0.673	350	0.936	0.327	141	0.95
ACVR1B	1.28	6	0.45	0.673	351	0.936	0.327	140	0.95
FES	1.29	6	0.45	0.674	352	0.936	0.326	139	0.95
KIAA1804	1.29	6	0.45	0.674	353	0.936	0.326	138	0.95
CAMKK1	1.31	6	0.46	0.676	354	0.936	0.324	137	0.95
BMPR2	1.32	6	0.46	0.678	355	0.936	0.322	136	0.95
PRKG2	1.37	6	0.48	0.683	356	0.937	0.317	135	0.95
ACVR1C	1.38	6	0.48	0.684	357	0.937	0.316	134	0.95
STK3	1.39	6	0.48	0.685	358	0.937	0.315	133	0.95
BRSK2	1.42	6	0.49	0.689	359	0.937	0.311	132	0.95
SBK3	1.44	6	0.50	0.691	360	0.937	0.309	131	0.95
ULK1	1.47	6	0.51	0.694	361	0.937	0.306	130	0.95
CDK18	1.49	6	0.51	0.696	362	0.937	0.304	129	0.95
FGFR4	1.50	6	0.52	0.697	363	0.937	0.303	128	0.95
AAK1	1.53	6	0.53	0.701	364	0.937	0.299	127	0.95
TEC	1.56	6	0.53	0.703	365	0.937	0.297	126	0.95
STK31	1.56	6	0.53	0.704	366	0.937	0.296	125	0.95
EPHA3	1.58	6	0.54	0.705	367	0.937	0.295	124	0.95
RPS6KB2	1.59	6	0.54	0.707	368	0.937	0.293	123	0.95
MST1R	1.61	6	0.55	0.709	369	0.937	0.291	122	0.95
PCNA	1.31	4	0.55	0.709	370	0.937	0.291	121	0.95
NLK	1.62	6	0.55	0.71	371	0.937	0.29	120	0.95
PRKD1	1.67	6	0.57	0.715	372	0.937	0.285	119	0.95
EEF2K	1.67	6	0.57	0.715	373	0.937	0.285	118	0.95
TEK	1.69	6	0.57	0.717	374	0.937	0.283	117	0.95
MAPK7	1.76	6	0.60	0.724	375	0.937	0.276	116	0.95
JAK3	2.50	12	0.60	0.725	376	0.937	0.275	115	0.95
ERBB4	1.77	6	0.60	0.725	377	0.937	0.275	114	0.95
MARK2	1.79	6	0.60	0.727	378	0.937	0.273	113	0.95
HIPK3	1.65	5	0.61	0.729	379	0.937	0.271	112	0.95
TRIB1	1.83	6	0.62	0.731	380	0.937	0.269	111	0.95
CDC42BPB	1.84	6	0.62	0.732	381	0.937	0.268	110	0.95
PAK6	1.84	6	0.62	0.733	382	0.937	0.267	109	0.95
SYK	1.85	6	0.62	0.733	383	0.937	0.267	108	0.95
PRKCG	1.86	6	0.63	0.734	384	0.937	0.266	107	0.95
AURKB	1.89	6	0.63	0.737	385	0.937	0.263	106	0.95
FLT1	1.91	6	0.64	0.739	386	0.937	0.261	105	0.95
CDK5	1.92	6	0.64	0.74	387	0.937	0.26	104	0.95
PAK1	1.98	6	0.66	0.746	388	0.938	0.254	103	0.95
WNK2	2.03	6	0.68	0.751	389	0.938	0.249	102	0.95
ERN1	2.13	6	0.71	0.76	390	0.938	0.24	101	0.95
MAST1	2.13	6	0.71	0.761	391	0.938	0.239	100	0.95
TRRAP	2.13	6	0.71	0.761	392	0.938	0.239	99	0.95
ADCK3	2.13	6	0.71	0.761	393	0.938	0.239	98	0.95
CAMK2B	2.17	6	0.72	0.765	394	0.938	0.235	97	0.95
MAP3K12	2.19	6	0.73	0.766	395	0.938	0.234	96	0.95
STK24	2.20	6	0.73	0.767	396	0.938	0.233	95	0.95
ROR1	2.31	6	0.76	0.777	397	0.938	0.223	94	0.95
NPR2	2.31	6	0.76	0.777	398	0.938	0.223	93	0.95
HIPK1	2.33	6	0.77	0.78	399	0.938	0.22	92	0.95
PTK2B	2.35	6	0.78	0.781	400	0.938	0.219	91	0.95
EPHA1	2.38	6	0.78	0.783	401	0.938	0.217	90	0.95
BRAF	2.38	6	0.78	0.784	402	0.938	0.216	89	0.95
NPR1	2.40	6	0.79	0.785	403	0.938	0.215	88	0.95
TSSK4	2.40	6	0.79	0.786	404	0.938	0.214	87	0.95
CDK1	2.30	5	0.83	0.796	405	0.938	0.204	86	0.95
LMTK3	2.55	6	0.84	0.799	406	0.938	0.201	85	0.95
AK2	2.57	6	0.84	0.8	407	0.938	0.2	84	0.95
MAPK9	2.58	6	0.85	0.801	408	0.938	0.199	83	0.95
TRIO	2.58	6	0.85	0.801	409	0.938	0.199	82	0.95
EPHA7	2.61	6	0.85	0.803	410	0.938	0.197	81	0.95
MAP3K8	2.62	6	0.86	0.804	411	0.938	0.196	80	0.95
PAK4	2.65	6	0.87	0.807	412	0.938	0.193	79	0.95
CAMK1G	2.66	6	0.87	0.808	413	0.938	0.192	78	0.95
TESK1	2.67	6	0.87	0.808	414	0.938	0.192	77	0.95
MAP3K11	2.71	6	0.88	0.812	415	0.938	0.188	76	0.95
MET	2.73	6	0.89	0.813	416	0.938	0.187	75	0.95
KSR2	2.74	6	0.90	0.815	417	0.938	0.185	74	0.95
PTK7	2.77	6	0.90	0.817	418	0.938	0.183	73	0.95
TAOK2	2.77	6	0.90	0.817	419	0.938	0.183	72	0.95
STK17A	2.80	6	0.91	0.819	420	0.938	0.181	71	0.95
TRPM7	2.82	6	0.92	0.821	421	0.938	0.179	70	0.95
IRAK3	2.83	6	0.92	0.821	422	0.938	0.179	69	0.95
OXSR1	2.83	6	0.92	0.821	423	0.938	0.179	68	0.95
MAP3K13	2.83	6	0.92	0.822	424	0.938	0.178	67	0.95
DYRK3	2.83	6	0.92	0.822	425	0.938	0.178	66	0.95
CSNK1D	2.85	6	0.93	0.823	426	0.938	0.177	65	0.95
CSNK1G1	2.87	6	0.93	0.825	427	0.938	0.175	64	0.95
AK1	2.97	6	0.97	0.833	428	0.938	0.167	63	0.95
STK25	2.97	6	0.97	0.833	429	0.938	0.167	62	0.95
ROCK1	3.00	6	0.97	0.835	430	0.938	0.165	61	0.95
STK19	3.03	6	0.98	0.837	431	0.938	0.163	60	0.95
ADCK1	3.05	6	0.99	0.839	432	0.938	0.161	59	0.95
GRK6	3.06	6	0.99	0.839	433	0.938	0.161	58	0.95
NRBP1	3.08	6	1.00	0.841	434	0.938	0.159	57	0.95
PAK7	3.09	6	1.00	0.841	435	0.938	0.159	56	0.95
LRRK2	3.09	6	1.00	0.842	436	0.938	0.158	55	0.95
CSF1R	3.10	6	1.01	0.843	437	0.938	0.157	54	0.95
CSNK2A1	2.84	5	1.01	0.843	438	0.938	0.157	53	0.95
RPS6KB1	3.12	6	1.01	0.844	439	0.938	0.156	52	0.95
MAPK11	3.12	6	1.01	0.844	440	0.938	0.156	51	0.95
MARK1	3.13	6	1.01	0.845	441	0.938	0.155	50	0.95
STK32A	3.16	6	1.02	0.847	442	0.939	0.153	49	0.95
CLK3	3.26	6	1.05	0.854	443	0.942	0.146	48	0.95
NEK1	3.26	6	1.05	0.854	444	0.942	0.146	47	0.95
CAMKK2	3.32	6	1.07	0.858	445	0.942	0.142	46	0.95
RIPK1	3.35	6	1.08	0.86	446	0.942	0.14	45	0.95
CLK4	3.41	6	1.10	0.864	447	0.942	0.136	44	0.95
MAP3K5	3.42	6	1.10	0.865	448	0.942	0.135	43	0.95
MAP2K4	3.42	6	1.10	0.865	449	0.942	0.135	42	0.95
CLK1	3.43	6	1.11	0.866	450	0.942	0.134	41	0.95
SRMS	3.47	6	1.12	0.868	451	0.942	0.132	40	0.95
POMK	2.84	4	1.12	0.868	452	0.942	0.132	39	0.95
RNASEL	3.53	6	1.14	0.872	453	0.943	0.128	38	0.95
GSK3B	3.58	6	1.15	0.875	454	0.945	0.125	37	0.95
ULK2	3.71	6	1.19	0.883	455	0.951	0.117	36	0.95
BUB1	3.74	6	1.20	0.885	456	0.951	0.115	35	0.95
GAK	3.79	6	1.22	0.888	457	0.952	0.112	34	0.95
TSSK3	3.88	6	1.24	0.893	458	0.956	0.107	33	0.95
TLK2	3.65	5	1.28	0.9	459	0.958	0.1	32	0.95
EPHA10	4.04	6	1.29	0.902	460	0.958	0.0984	31	0.95
CDK10	4.04	6	1.29	0.902	461	0.958	0.0981	30	0.95
TBCK	4.08	6	1.30	0.904	462	0.958	0.0962	29	0.95
CAMK2D	4.11	6	1.31	0.906	463	0.958	0.0945	28	0.95
STK17B	4.26	6	1.36	0.913	464	0.962	0.0871	27	0.95
WNK1	4.27	6	1.36	0.913	465	0.962	0.0866	26	0.95
KSR1	4.46	6	1.42	0.922	466	0.968	0.0779	25	0.95
TTK	4.49	6	1.43	0.923	467	0.968	0.0765	24	0.95
ACVR2A	4.51	6	1.44	0.924	468	0.968	0.0756	23	0.95
STK40	4.59	6	1.46	0.928	469	0.968	0.0723	22	0.95
TNNI3K	4.60	6	1.46	0.928	470	0.968	0.0719	21	0.95
CDK3	4.75	6	1.51	0.934	471	0.971	0.0656	20	0.95
CSNK1G3	4.78	6	1.52	0.936	472	0.971	0.0645	19	0.95
PRKG1	5.25	6	1.66	0.952	473	0.986	0.0484	18	0.95
CDC7	4.99	5	1.73	0.958	474	0.99	0.0421	17	0.95
AURKA	5.35	5	1.85	0.968	475	0.998	0.0323	16	0.95
STRADA	6.06	6	1.91	0.972	476	1	0.0283	15	0.925
CDK7	6.25	6	1.96	0.975	477	1	0.0247	14	0.866
CSNK1A1	6.77	6	2.12	0.983	478	1	0.0169	13	0.637
DYRK2	6.97	6	2.19	0.986	479	1	0.0144	12	0.589
MTOR	7.22	6	2.26	0.988	480	1	0.0119	11	0.53
CDK11A	7.29	6	2.28	0.989	481	1	0.0112	10	0.53
WEE1	7.87	6	2.46	0.993	482	1	0.00697	9	0.38
CDK9	11.23	10	2.71	0.997	483	1	0.00333	8	0.204
CHEK1	9.19	6	2.86	0.998	484	1	0.00209	7	0.147
RPL9	7.87	4	3.00	0.999	485	1	0.00136	6	0.111
POLR2A	13.59	8	3.65	1	486	1	0.000131	5	0.0129
ATR	13.05	6	4.04	1	487	1	2.67e-05	4	0.00327
POLR2D	7.98	2	4.27	1	488	1	9.6e-06	3	0.00157
STK11	15.46	6	4.77	1	489	1	8.99e-07	2	0.00022
PKMYT1	20.60	6	6.34	1	490	1	1.12e-10	1	5.47e-08
