id	num	neg|score	neg|p-value	neg|fdr	neg|rank	neg|goodsgrna	neg|lfc	pos|score	pos|p-value	pos|fdr	pos|rank	pos|goodsgrna	pos|lfc
MASTL	12	5.5547e-05	0.00043095	0.211165	1	5	-0.36626	0.085261	0.24041	0.972912	85	3	-0.36626
PRKCZ	6	0.00091903	0.0042748	0.410194	2	4	-0.57038	0.36612	0.5083	0.972912	256	1	-0.57038
CDK13	6	0.00098611	0.0046017	0.410194	3	1	-0.13893	0.4119	0.55294	0.97812	277	1	-0.13893
LIMK2	6	0.0010618	0.0048494	0.410194	4	5	-0.63713	0.66721	0.70729	0.999391	344	1	-0.63713
INSR	6	0.0011664	0.0052061	0.410194	5	5	-0.76375	0.99021	0.99022	0.999391	481	0	-0.76375
LATS1	6	0.0011974	0.0053745	0.410194	6	3	-0.45571	0.21702	0.36929	0.972912	175	1	-0.45571
NTRK1	6	0.0013093	0.0059392	0.410194	7	4	-0.66652	0.19092	0.34554	0.972912	163	1	-0.66652
PAK3	6	0.0015538	0.0069596	0.410194	8	5	-0.55305	0.6552	0.70047	0.999391	338	1	-0.55305
PCNA	4	0.0019716	0.0075342	0.410194	9	1	0.49764	0.039485	0.094695	0.972912	53	3	0.49764
CAMK2A	6	0.0021589	0.0094165	0.461408	10	4	-0.54216	0.76226	0.76989	0.999391	369	1	-0.54216
IGF1R	6	0.0028223	0.011883	0.485235	11	2	-0.4289	0.81549	0.81601	0.999391	387	1	-0.4289
RPA3	4	0.0032843	0.011873	0.485235	12	3	-0.86802	0.72881	0.72837	0.999391	360	0	-0.86802
SNRK	6	0.0049961	0.019264	0.700809	13	3	-0.31264	0.080978	0.18261	0.972912	81	1	-0.31264
MAST3	6	0.0052723	0.020274	0.700809	14	3	-0.48922	0.7348	0.74991	0.999391	361	1	-0.48922
PRPF4B	6	0.005629	0.021453	0.700809	15	2	0.24757	0.11001	0.22999	0.972912	105	2	0.24757
VRK1	6	0.007767	0.028012	0.714663	16	4	-0.59601	0.13653	0.27166	0.972912	128	1	-0.59601
DAPK1	6	0.0077859	0.028022	0.714663	17	2	0.040274	0.29263	0.43923	0.972912	216	2	0.040274
PTK2	6	0.0086177	0.03033	0.714663	18	4	-0.84318	0.40297	0.54404	0.977267	270	1	-0.84318
PIM2	6	0.0088082	0.030914	0.714663	19	4	-0.72699	0.81597	0.81646	0.999391	388	1	-0.72699
TYK2	12	0.0096978	0.044061	0.714663	20	7	-0.40278	0.93306	0.94545	0.999391	450	1	-0.40278
PRKCB	6	0.010014	0.03453	0.714663	21	4	-0.43905	0.99759	0.99746	0.999391	489	0	-0.43905
CAMK2G	6	0.010091	0.034788	0.714663	22	3	-0.28866	0.75133	0.76157	0.999391	365	1	-0.28866
SRPK3	6	0.010803	0.036542	0.714663	23	3	-0.4203	0.98695	0.9871	0.999391	480	0	-0.4203
PRKACA	6	0.011454	0.038216	0.714663	24	3	-0.3806	0.95502	0.95474	0.999391	460	0	-0.3806
MST1R	6	0.011484	0.038285	0.714663	25	4	-0.52429	0.041678	0.11704	0.972912	54	1	-0.52429
IRAK2	6	0.011496	0.038335	0.714663	26	3	-0.23783	0.76345	0.77098	0.999391	370	1	-0.23783
PDK3	6	0.012681	0.04199	0.714663	27	4	-0.35114	0.36477	0.50685	0.972912	255	1	-0.35114
PDK2	6	0.012756	0.042238	0.714663	28	2	-0.17894	0.39653	0.53767	0.977267	268	1	-0.17894
NIM1K	6	0.013098	0.043139	0.714663	29	4	-0.49167	0.74822	0.75946	0.999391	363	1	-0.49167
FGFR1	6	0.013183	0.043427	0.714663	30	4	-0.59637	0.91549	0.91596	0.999391	437	0	-0.59637
AKT2	6	0.014589	0.047221	0.714663	31	4	-0.56881	0.94532	0.94573	0.999391	456	0	-0.56881
WEE1	6	0.014708	0.047558	0.714663	32	2	0.28892	0.21056	0.36342	0.972912	171	2	0.28892
DSTYK	6	0.014957	0.048499	0.714663	33	4	-0.42232	0.92798	0.92797	0.999391	446	0	-0.42232
BMPR1A	6	0.01533	0.049589	0.714663	34	4	-0.53837	0.89537	0.896	0.999391	429	0	-0.53837
MAP3K2	6	0.017695	0.055939	0.783148	35	4	-0.50834	0.99939	0.99939	0.999391	490	0	-0.50834
MAP3K14	6	0.018598	0.058079	0.79052	36	2	-0.13491	0.33923	0.48319	0.972912	242	2	-0.13491
NRBP2	6	0.019428	0.060338	0.799068	37	4	-0.50735	0.99473	0.99437	0.999391	486	0	-0.50735
MAPKAPK5	6	0.020539	0.063409	0.817642	38	3	-0.42162	0.97369	0.97357	0.999391	469	0	-0.42162
PIM1	6	0.022476	0.06867	0.862771	39	2	-0.20239	0.95576	0.95542	0.999391	461	0	-0.20239
MAP3K9	6	0.02371	0.071949	0.881371	40	4	-0.52127	0.91649	0.91686	0.999391	438	0	-0.52127
STK16	6	0.02605	0.078398	0.893565	41	2	0.070986	0.45844	0.59904	0.990589	295	2	0.070986
MAP4K4	6	0.026342	0.079201	0.893565	42	1	-0.040722	0.78731	0.7901	0.999391	379	1	-0.040722
IRAK1	6	0.027152	0.081489	0.893565	43	2	-0.12372	0.93656	0.93689	0.999391	453	0	-0.12372
STK33	6	0.027787	0.083114	0.893565	44	3	-0.24824	0.40681	0.54791	0.977267	274	1	-0.24824
BCR	6	0.027898	0.083421	0.893565	45	2	-0.12612	0.77507	0.78015	0.999391	375	1	-0.12612
NEK4	6	0.02827	0.084431	0.893565	46	3	-0.26879	0.99348	0.99319	0.999391	484	0	-0.26879
MYO3B	6	0.028737	0.085709	0.893565	47	4	-0.33602	0.8873	0.88781	0.999391	425	0	-0.33602
AURKB	6	0.030195	0.089632	0.900269	48	3	-0.77747	0.84513	0.8459	0.999391	405	0	-0.77747
NRK	6	0.032117	0.094081	0.900269	49	2	-0.13811	0.88666	0.88709	0.999391	424	0	-0.13811
LMTK2	6	0.032854	0.09516	0.900269	50	3	-0.37639	0.9308	0.93113	0.999391	449	0	-0.37639
SMG1	6	0.034035	0.097201	0.900269	51	1	-0.10663	0.4549	0.59575	0.990589	293	1	-0.10663
NEK5	6	0.035343	0.09949	0.900269	52	3	-0.2726	0.60984	0.67596	0.999391	326	1	-0.2726
ZAK	6	0.03595	0.10059	0.900269	53	2	-0.15421	0.78676	0.78971	0.999391	378	1	-0.15421
SCYL1	6	0.036243	0.10115	0.900269	54	2	0.406	0.10306	0.21869	0.972912	99	3	0.406
DMPK	6	0.036981	0.10272	0.900269	55	3	-0.43889	0.90711	0.9081	0.999391	434	0	-0.43889
CDKL5	6	0.037085	0.10289	0.900269	56	2	-0.017697	0.11537	0.23883	0.972912	114	1	-0.017697
JAK1	12	0.037705	0.13067	0.927923	57	5	-0.19781	0.84359	0.9156	0.999391	404	2	-0.19781
NEK7	6	0.039772	0.10745	0.917675	58	3	-0.34182	0.6301	0.68629	0.999391	334	1	-0.34182
RIPK2	6	0.040974	0.10965	0.917675	59	2	-0.1166	0.126	0.25457	0.972912	117	1	-0.1166
DYRK1B	6	0.041678	0.11105	0.917675	60	2	-0.084385	0.29168	0.43836	0.972912	215	2	-0.084385
CAMK1	6	0.042754	0.11283	0.917675	61	2	-0.08757	0.29115	0.43791	0.972912	214	1	-0.08757
NUAK1	6	0.04358	0.11424	0.917675	62	2	-0.41615	0.44113	0.58159	0.990569	286	2	-0.41615
RPS6KA1	12	0.045041	0.14997	0.954314	63	4	-0.073705	0.049875	0.16499	0.972912	63	3	-0.073705
MOS	6	0.04548	0.11774	0.918816	64	2	-0.12033	0.94602	0.94639	0.999391	457	0	-0.12033
LRRK1	6	0.045943	0.11866	0.918816	65	2	-0.16158	0.53828	0.64188	0.999391	312	1	-0.16158
GUCY2F	6	0.048278	0.12304	0.918816	66	2	0.016285	0.65682	0.70142	0.999391	340	1	0.016285
SGK3	6	0.049225	0.12468	0.918816	67	3	-0.26923	0.92277	0.92304	0.999391	443	0	-0.26923
CLK4	6	0.049366	0.12497	0.918816	68	3	-0.061383	0.6214	0.68191	0.999391	330	1	-0.061383
MAP3K3	6	0.049701	0.12563	0.918816	69	3	-0.31534	0.98619	0.98634	0.999391	479	0	-0.31534
HIPK2	6	0.051624	0.12911	0.927923	70	3	-0.30695	0.013057	0.043823	0.972912	21	2	-0.30695
BUB1B	6	0.054562	0.13403	0.929954	71	2	-0.041305	0.022521	0.069125	0.972912	28	2	-0.041305
TAOK1	6	0.05493	0.13475	0.929954	72	2	-0.082709	0.27967	0.42761	0.972912	203	2	-0.082709
PKN2	6	0.059673	0.14225	0.954314	73	3	-0.23985	0.28527	0.43249	0.972912	208	2	-0.23985
LIMK1	6	0.060563	0.144	0.954314	74	1	-0.10713	0.83572	0.83641	0.999391	399	0	-0.10713
PHKG2	6	0.061146	0.14498	0.954314	75	2	0.37259	0.16491	0.31682	0.972912	157	3	0.37259
TESK2	6	0.062497	0.14722	0.954314	76	3	-0.35866	0.58203	0.66185	0.999391	320	1	-0.35866
SCYL3	6	0.064303	0.1502	0.954314	77	2	-0.014338	0.019538	0.061071	0.972912	27	2	-0.014338
RPS6KA6	12	0.06534	0.1957	0.977133	78	4	-0.20802	0.99269	0.99292	0.999391	482	0	-0.20802
CAMK4	6	0.065873	0.15289	0.954314	79	2	-0.053007	0.80001	0.80121	0.999391	381	1	-0.053007
RAF1	6	0.066407	0.15386	0.954314	80	2	-0.047228	0.90435	0.90558	0.999391	433	0	-0.047228
CAMKK1	6	0.06803	0.15664	0.959436	81	2	0.018464	0.15818	0.30633	0.972912	148	2	0.018464
ACVRL1	6	0.071745	0.1632	0.977133	82	2	0.19129	0.62924	0.68579	0.999391	333	1	0.19129
SYK	6	0.073598	0.16658	0.977133	83	1	0.39336	0.031271	0.092822	0.972912	41	4	0.39336
TTN	6	0.075448	0.16932	0.977133	84	1	0.37471	0.022849	0.069918	0.972912	29	3	0.37471
MAP3K4	6	0.077294	0.17265	0.977133	85	2	-0.0044452	0.31308	0.45881	0.972912	227	1	-0.0044452
TTK	6	0.078754	0.17526	0.977133	86	3	-0.45999	0.0029559	0.012478	0.679342	9	2	-0.45999
NEK10	6	0.079138	0.17589	0.977133	87	1	-0.12452	0.25793	0.40723	0.972912	195	1	-0.12452
STK4	6	0.084615	0.18464	0.977133	88	3	-0.35581	0.66245	0.70455	0.999391	342	1	-0.35581
MUSK	6	0.085476	0.18614	0.977133	89	3	-0.15231	0.066168	0.15812	0.972912	74	1	-0.15231
CDC42BPG	6	0.086481	0.18778	0.977133	90	1	0.028857	0.40809	0.54921	0.977267	275	2	0.028857
GSK3A	6	0.086652	0.18809	0.977133	91	2	-0.20136	0.85761	0.85835	0.999391	414	0	-0.20136
PLK4	6	0.08831	0.19102	0.977133	92	3	-0.31701	0.87804	0.87871	0.999391	420	0	-0.31701
SGK2	6	0.08902	0.19227	0.977133	93	2	-0.085715	0.26559	0.41449	0.972912	196	1	-0.085715
HIPK4	6	0.093776	0.20029	0.977133	94	1	0.1272	0.091957	0.20063	0.972912	89	2	0.1272
PRKAA1	6	0.096258	0.20469	0.977133	95	2	0.23999	0.14588	0.28654	0.972912	137	3	0.23999
CIT	6	0.10102	0.21255	0.977133	96	2	-0.17761	0.95862	0.9583	0.999391	463	0	-0.17761
CDK12	6	0.10267	0.21532	0.977133	97	3	-0.44743	0.56259	0.65301	0.999391	316	1	-0.44743
MAP4K3	6	0.10283	0.21559	0.977133	98	2	0.010568	0.2377	0.38833	0.972912	184	1	0.010568
MAPK10	6	0.10309	0.21596	0.977133	99	3	-0.36941	0.96424	0.96415	0.999391	466	0	-0.36941
MAP2K1	6	0.10463	0.21839	0.977133	100	3	-0.30656	0.85368	0.85433	0.999391	410	0	-0.30656
AKT3	6	0.10516	0.21905	0.977133	101	3	-0.35373	0.88921	0.88995	0.999391	426	0	-0.35373
PRKCE	6	0.10558	0.21968	0.977133	102	3	-0.40467	0.9933	0.993	0.999391	483	0	-0.40467
CDK15	6	0.10643	0.22117	0.977133	103	1	0.068101	0.81884	0.81954	0.999391	389	1	0.068101
PKN3	6	0.10747	0.22309	0.977133	104	2	-0.1447	0.65925	0.70271	0.999391	341	1	-0.1447
JAK2	12	0.10786	0.28065	0.977133	105	3	-0.019657	0.68828	0.83295	0.999391	350	1	-0.019657
KDR	6	0.1113	0.22966	0.977133	106	2	-0.11242	0.33115	0.47514	0.972912	235	2	-0.11242
CSNK1A1	6	0.11537	0.23664	0.977133	107	2	1.5916	4.2562e-05	0.00025263	0.030947	4	4	1.5916
MAP2K7	6	0.11583	0.23736	0.977133	108	3	-0.38352	0.52887	0.63772	0.999391	311	1	-0.38352
CONTROL	50	0.11615	0.41584	0.977133	109	10	0.066698	0.037611	0.19901	0.972912	52	15	0.066698
RET	6	0.11627	0.23798	0.977133	110	3	-0.36844	0.95944	0.95927	0.999391	464	0	-0.36844
ILK	6	0.11715	0.23934	0.977133	111	1	-0.15356	0.85408	0.8547	0.999391	411	0	-0.15356
RPS6KA5	12	0.11736	0.2988	0.977133	112	4	-0.20872	0.20152	0.42863	0.972912	168	1	-0.20872
FRK	6	0.11893	0.24184	0.977133	113	2	-0.23215	0.64451	0.69438	0.999391	336	1	-0.23215
MAP2K5	6	0.1204	0.24422	0.977133	114	2	-0.20202	0.8036	0.80463	0.999391	382	1	-0.20202
EEF2K	6	0.1207	0.24479	0.977133	115	1	0.23281	0.089923	0.19732	0.972912	88	3	0.23281
CHEK2	6	0.12473	0.25123	0.977133	116	3	-0.24094	0.28607	0.43324	0.972912	209	2	-0.24094
ROS1	6	0.126	0.25303	0.977133	117	1	0.016741	0.36881	0.51097	0.973994	257	1	0.016741
MELK	6	0.12637	0.25353	0.977133	118	2	0.19537	0.30936	0.45526	0.972912	224	2	0.19537
ERBB2	6	0.12655	0.25376	0.977133	119	3	-0.33933	0.92908	0.92919	0.999391	448	0	-0.33933
PAK2	6	0.12746	0.25521	0.977133	120	3	-0.20638	0.82539	0.82581	0.999391	393	1	-0.20638
FGR	6	0.12777	0.25576	0.977133	121	1	-0.13599	0.35387	0.49642	0.972912	247	1	-0.13599
PLK2	6	0.1293	0.25822	0.977133	122	3	-0.10717	0.10283	0.21833	0.972912	98	1	-0.10717
BMPR1B	6	0.12976	0.25902	0.977133	123	3	-0.33063	0.93434	0.93484	0.999391	452	0	-0.33063
STK26	6	0.13114	0.26165	0.977133	124	3	-0.1831	0.82261	0.8233	0.999391	392	1	-0.1831
CDKL2	6	0.13128	0.26184	0.977133	125	1	0.032158	0.39247	0.53368	0.977267	265	2	0.032158
MAPK6	6	0.13161	0.26235	0.977133	126	3	-0.13724	0.70332	0.72949	0.999391	352	1	-0.13724
LTK	6	0.13446	0.2673	0.977133	127	2	0.098117	0.3989	0.54012	0.977267	269	2	0.098117
TBK1	6	0.13515	0.26835	0.977133	128	2	0.17834	0.080258	0.18153	0.972912	80	2	0.17834
MAP4K5	6	0.13583	0.26953	0.977133	129	2	0.26122	0.10822	0.22676	0.972912	104	3	0.26122
PRKCD	6	0.13653	0.27064	0.977133	130	1	0.034546	0.76874	0.77526	0.999391	373	1	0.034546
EIF2AK3	6	0.1372	0.27165	0.977133	131	2	-0.30135	0.93352	0.93394	0.999391	451	0	-0.30135
DCLK1	6	0.13961	0.27555	0.977133	132	3	-0.31884	0.32596	0.47042	0.972912	232	1	-0.31884
ABL1	6	0.14176	0.27908	0.977133	133	2	0.16563	0.77221	0.7778	0.999391	374	1	0.16563
TSSK6	6	0.14297	0.28091	0.977133	134	3	-0.22063	0.41889	0.55988	0.983305	279	2	-0.22063
PRKX	6	0.14349	0.28199	0.977133	135	1	-0.071051	0.46157	0.60241	0.990589	296	2	-0.071051
MERTK	6	0.14394	0.28296	0.977133	136	3	-0.35134	0.67963	0.71484	0.999391	345	1	-0.35134
PRKCI	6	0.14409	0.28326	0.977133	137	2	0.17239	0.12976	0.2604	0.972912	124	3	0.17239
ABL2	6	0.14523	0.28511	0.977133	138	2	-0.062175	0.70404	0.72985	0.999391	353	1	-0.062175
MAPK14	6	0.14696	0.2878	0.977133	139	2	0.0093428	0.097483	0.20994	0.972912	93	2	0.0093428
SBK1	6	0.14783	0.28914	0.977133	140	3	-0.28592	0.61699	0.67969	0.999391	328	1	-0.28592
CSK	6	0.15109	0.29253	0.977133	141	2	0.01	0.43066	0.57102	0.985649	282	1	0.01
BLK	6	0.15213	0.29366	0.977133	142	1	-0.10651	0.92112	0.92144	0.999391	442	0	-0.10651
TRIB2	6	0.15391	0.29564	0.977133	143	2	0.1891	0.14523	0.28567	0.972912	136	2	0.1891
DYRK3	6	0.15556	0.29726	0.977133	144	1	0.34521	0.025004	0.075812	0.972912	35	4	0.34521
PSKH2	6	0.15675	0.29852	0.977133	145	2	-0.26891	0.9827	0.9826	0.999391	477	0	-0.26891
NUAK2	6	0.15727	0.29907	0.977133	146	2	-0.16823	0.16239	0.31285	0.972912	154	2	-0.16823
ATM	6	0.15818	0.2999	0.977133	147	2	-0.1248	0.46669	0.60779	0.990589	300	1	-0.1248
STK32C	6	0.15898	0.30064	0.977133	148	1	0.021257	0.83308	0.8338	0.999391	398	0	0.021257
PRKY	5	0.16138	0.27181	0.977133	149	2	-0.30909	0.33408	0.47147	0.972912	238	1	-0.30909
WEE2	6	0.16319	0.3046	0.977133	150	2	0.25782	0.16337	0.31434	0.972912	155	3	0.25782
HUNK	6	0.16409	0.30543	0.977133	151	2	-0.16944	0.99602	0.99573	0.999391	488	0	-0.16944
PSKH1	6	0.16749	0.309	0.977133	152	2	0.23892	0.14153	0.2795	0.972912	134	3	0.23892
CDKL1	6	0.17042	0.31168	0.977133	153	2	0.055131	0.17424	0.32998	0.972912	160	1	0.055131
ULK1	6	0.17188	0.31289	0.977133	154	2	-0.088181	0.39328	0.5344	0.977267	267	2	-0.088181
DAPK2	6	0.17553	0.3164	0.977133	155	2	0.06796	0.33357	0.47785	0.972912	237	2	0.06796
POLR2A	8	0.17555	0.33907	0.977133	156	1	0.27938	0.012265	0.046746	0.972912	20	4	0.27938
RPS6KL1	6	0.17592	0.31677	0.977133	157	2	0.020843	0.91944	0.91971	0.999391	440	0	0.020843
EIF2AK1	6	0.1776	0.31851	0.977133	158	1	0.010596	0.54548	0.64518	0.999391	313	1	0.010596
FASTK	6	0.17927	0.32016	0.977133	159	1	0.49438	0.016194	0.052492	0.972912	26	4	0.49438
ADCK2	6	0.18141	0.32243	0.977133	160	2	-0.14049	0.97727	0.97721	0.999391	473	0	-0.14049
MAP2K2	6	0.18512	0.32593	0.977133	161	2	0.14979	0.22821	0.37976	0.972912	179	2	0.14979
ARAF	6	0.19092	0.33167	0.977133	162	2	-0.13414	0.16535	0.31753	0.972912	158	2	-0.13414
SIK1	6	0.19407	0.33456	0.977133	163	2	0.088611	0.83129	0.83185	0.999391	397	0	0.088611
MARK4	6	0.19422	0.33471	0.977133	164	2	0.0081545	0.24953	0.39892	0.972912	193	2	0.0081545
AURKA	5	0.19554	0.31027	0.977133	165	1	0.11845	0.22548	0.35079	0.972912	178	1	0.11845
STK36	6	0.19557	0.33596	0.977133	166	2	-0.040199	0.57241	0.65751	0.999391	318	1	-0.040199
LATS2	6	0.19586	0.33619	0.977133	167	1	0.12508	0.13022	0.26123	0.972912	125	3	0.12508
ICK	6	0.19751	0.33776	0.977133	168	1	-0.094867	0.21302	0.36568	0.972912	173	2	-0.094867
SPEG	12	0.19837	0.41404	0.977133	169	2	0.037042	0.94488	0.95137	0.999391	455	1	0.037042
AXL	6	0.20079	0.34103	0.977133	170	2	-0.093759	0.46392	0.60473	0.990589	298	2	-0.093759
CAMKV	6	0.20242	0.34277	0.977133	171	1	0.050703	0.30145	0.44742	0.972912	220	1	0.050703
TSSK2	6	0.20894	0.349	0.977133	172	2	-0.19836	0.16409	0.31542	0.972912	156	2	-0.19836
BMP2K	6	0.2092	0.34923	0.977133	173	2	0.14647	0.33195	0.47599	0.972912	236	2	0.14647
DAPK3	6	0.20996	0.34994	0.977133	174	2	-0.17692	0.84048	0.84109	0.999391	402	0	-0.17692
RIPK3	6	0.21302	0.35288	0.977133	175	2	-0.22148	0.55961	0.65151	0.999391	314	1	-0.22148
MOK	6	0.21379	0.35363	0.977133	176	2	-0.34179	0.84802	0.84867	0.999391	407	0	-0.34179
GRK5	6	0.21455	0.35433	0.977133	177	2	-0.089201	0.071745	0.16747	0.972912	77	2	-0.089201
Rosa26	1	0.21621	0.21575	0.977133	178	1	-0.34854	0.78379	0.78581	0.999391	376	0	-0.34854
PRKCQ	6	0.2207	0.3604	0.977133	179	2	-0.036742	0.88275	0.88316	0.999391	423	0	-0.036742
MAPK8	6	0.22343	0.3631	0.977133	180	2	-0.060207	0.40451	0.54569	0.977267	271	2	-0.060207
MAPK12	6	0.22379	0.36341	0.977133	181	2	0.014202	0.37283	0.51483	0.973994	259	1	0.014202
MYLK2	6	0.22662	0.36615	0.977133	182	2	-0.3764	0.12972	0.26037	0.972912	123	2	-0.3764
TEX14	6	0.23387	0.37311	0.977133	183	2	-0.070114	0.97397	0.97385	0.999391	470	0	-0.070114
TNK2	6	0.23621	0.37527	0.977133	184	2	-0.10414	0.1118	0.2329	0.972912	108	2	-0.10414
TSSK1B	6	0.23855	0.3777	0.977133	185	2	-0.021846	0.23543	0.38613	0.972912	183	2	-0.021846
PINK1	6	0.23928	0.37839	0.977133	186	1	0.19504	0.11496	0.23814	0.972912	113	3	0.19504
MAPK3	6	0.2409	0.37976	0.977133	187	2	-0.22221	0.98139	0.98127	0.999391	475	0	-0.22221
CDK1	5	0.24275	0.36489	0.977133	188	1	1.9114	0.014959	0.047112	0.972912	22	3	1.9114
CDKL4	6	0.24953	0.38813	0.977133	189	2	-0.12455	0.7153	0.73668	0.999391	355	1	-0.12455
MATK	6	0.25176	0.39041	0.977133	190	1	-0.31128	0.84218	0.84283	0.999391	403	0	-0.31128
FES	6	0.25189	0.39049	0.977133	191	2	0.13634	0.33864	0.4825	0.972912	241	1	0.13634
MAP3K7	6	0.25485	0.39359	0.977133	192	1	-0.024909	0.31259	0.45831	0.972912	226	2	-0.024909
KIT	6	0.25584	0.39451	0.977133	193	2	-0.035236	0.51823	0.63291	0.999391	309	1	-0.035236
CLK2	6	0.25639	0.39513	0.977133	194	1	0.049198	0.462	0.60286	0.990589	297	1	0.049198
OBSCN	12	0.25668	0.48809	0.984876	195	3	0.044359	0.82853	0.90624	0.999391	395	2	0.044359
TEK	6	0.25947	0.3983	0.977133	196	2	0.20276	0.23933	0.38975	0.972912	187	2	0.20276
CSF1R	6	0.26138	0.40006	0.977133	197	2	0.011666	0.58108	0.66139	0.999391	319	1	0.011666
PBK	6	0.26534	0.40425	0.977133	198	2	-0.16979	0.37816	0.51946	0.977267	260	1	-0.16979
PAK6	6	0.26559	0.40446	0.977133	199	1	-0.046282	0.71042	0.73395	0.999391	354	1	-0.046282
PLK3	6	0.2709	0.41001	0.977133	200	2	-0.19376	0.60441	0.6732	0.999391	324	1	-0.19376
MLKL	6	0.27168	0.41064	0.977133	201	2	-0.15032	0.28818	0.43522	0.972912	210	1	-0.15032
IRAK4	6	0.27319	0.41214	0.977133	202	2	-0.075351	0.12771	0.25714	0.972912	119	2	-0.075351
GRK4	6	0.27329	0.41223	0.977133	203	2	0.014968	0.25176	0.4011	0.972912	194	2	0.014968
AURKC	6	0.27621	0.41513	0.977133	204	1	-0.26944	0.99537	0.99513	0.999391	487	0	-0.26944
PDGFRA	6	0.27728	0.41624	0.977133	205	2	0.13268	0.29411	0.44053	0.972912	217	2	0.13268
RIOK2	6	0.28222	0.42061	0.977133	206	1	0.0091218	0.27489	0.42338	0.972912	201	2	0.0091218
MAST4	6	0.2852	0.42369	0.977133	207	2	0.022123	0.91748	0.91784	0.999391	439	0	0.022123
TAOK3	6	0.28669	0.42507	0.977133	208	2	0.11082	0.077294	0.17661	0.972912	78	3	0.11082
MAPK7	6	0.28767	0.42612	0.977133	209	2	0.036825	0.62838	0.68531	0.999391	332	1	0.036825
ACVR1C	6	0.28818	0.4266	0.977133	210	1	0.01929	0.27568	0.42403	0.972912	202	2	0.01929
ANKK1	6	0.28847	0.42686	0.977133	211	2	0.25778	0.34812	0.49129	0.972912	246	2	0.25778
GUCY2D	6	0.28927	0.42762	0.977133	212	2	-0.026344	0.45373	0.59451	0.990589	291	2	-0.026344
ROR2	6	0.28967	0.42805	0.977133	213	2	-0.16984	0.72148	0.74084	0.999391	356	1	-0.16984
STYK1	6	0.29008	0.42855	0.977133	214	2	0.035619	0.054068	0.13856	0.972912	65	2	0.035619
AMHR2	6	0.29168	0.42995	0.977133	215	2	-0.011706	0.88008	0.88055	0.999391	421	0	-0.011706
GSG2	6	0.29248	0.43074	0.977133	216	2	0.042211	0.64534	0.69486	0.999391	337	1	0.042211
MAP2K4	6	0.29852	0.43662	0.984876	217	2	0.17279	0.086481	0.19129	0.972912	86	2	0.17279
MAPK13	6	0.30131	0.43928	0.984876	218	2	-0.22843	0.95663	0.95627	0.999391	462	0	-0.22843
PRKD2	6	0.30438	0.44263	0.984876	219	2	0.26636	0.087628	0.19333	0.972912	87	3	0.26636
TIE1	6	0.30583	0.44413	0.984876	220	2	-0.2212	0.13925	0.27586	0.972912	133	2	-0.2212
EPHA6	6	0.30775	0.44611	0.984876	221	2	-0.15586	0.049269	0.13033	0.972912	61	1	-0.15586
PRKCA	6	0.31163	0.44991	0.984876	222	1	-0.17463	0.92393	0.92414	0.999391	444	0	-0.17463
PDK1	4	0.31208	0.39629	0.977133	223	1	-0.23091	0.81235	0.81269	0.999391	386	0	-0.23091
ADRBK2	6	0.31259	0.45096	0.984876	224	2	-0.018625	0.43479	0.5753	0.985649	285	2	-0.018625
ROCK2	6	0.31823	0.4565	0.984876	225	2	-0.049868	0.8472	0.84787	0.999391	406	0	-0.049868
YES1	6	0.31883	0.45699	0.984876	226	1	0.17037	0.28072	0.42845	0.972912	205	2	0.17037
MINK1	6	0.31904	0.4572	0.984876	227	2	-0.14353	0.23297	0.38385	0.972912	181	1	-0.14353
PIM3	6	0.32226	0.45999	0.984876	228	2	0.15113	0.036243	0.10542	0.972912	48	2	0.15113
KALRN	5	0.32718	0.46271	0.984876	229	2	-0.13327	0.88195	0.88212	0.999391	422	0	-0.13327
MAP3K10	6	0.33021	0.46786	0.984876	230	1	0.18897	0.11366	0.23589	0.972912	111	3	0.18897
PHKG1	6	0.33034	0.46797	0.984876	231	2	-0.13398	0.56457	0.65384	0.999391	317	1	-0.13398
STK40	6	0.33162	0.46925	0.984876	232	1	0.18089	0.0073694	0.027982	0.972912	13	2	0.18089
TGFBR2	6	0.33195	0.46965	0.984876	233	2	-0.21562	0.2717	0.42027	0.972912	199	2	-0.21562
ULK3	6	0.33357	0.47157	0.984876	234	2	-0.2852	0.3607	0.50323	0.972912	252	1	-0.2852
CASK	6	0.33864	0.47654	0.984876	235	2	0.020447	0.30856	0.45446	0.972912	223	2	0.020447
PDIK1L	6	0.33923	0.47728	0.984876	236	2	0.1661	0.38362	0.52489	0.977267	262	2	0.1661
FYN	6	0.34004	0.47802	0.984876	237	1	0.13826	0.14249	0.28097	0.972912	135	3	0.13826
PNCK	6	0.3456	0.4833	0.984876	238	2	-0.010979	0.19422	0.34844	0.972912	164	1	-0.010979
CDK16	6	0.34731	0.48483	0.984876	239	2	-0.1754	0.62577	0.68401	0.999391	331	1	-0.1754
TYRO3	6	0.34973	0.48747	0.984876	240	2	-0.23631	0.8777	0.87844	0.999391	419	0	-0.23631
AK1	6	0.35113	0.48862	0.984876	241	1	0.10985	0.1596	0.30854	0.972912	151	2	0.10985
EPHA2	6	0.3562	0.4936	0.984876	242	2	0.095067	0.76463	0.77191	0.999391	372	1	0.095067
PRKCH	6	0.35862	0.49618	0.984876	243	2	0.0148	0.35798	0.5004	0.972912	250	1	0.0148
BRSK1	6	0.36341	0.5011	0.984876	244	1	0.26162	0.45728	0.59789	0.990589	294	1	0.26162
HCK	6	0.36477	0.50232	0.984876	245	1	-0.067067	0.3174	0.46278	0.972912	228	2	-0.067067
RIOK1	6	0.36508	0.50264	0.984876	246	2	0.16818	0.0088459	0.031965	0.972912	14	3	0.16818
BRAF	6	0.36881	0.50661	0.984876	247	1	0.12407	0.14832	0.29052	0.972912	139	3	0.12407
CDK20	6	0.37015	0.50797	0.984876	248	2	-0.22667	0.24168	0.39168	0.972912	190	2	-0.22667
ULK4	6	0.37073	0.5086	0.984876	249	2	-0.25848	0.28967	0.43662	0.972912	212	1	-0.25848
DDR2	6	0.37149	0.50931	0.984876	250	1	0.19453	0.069098	0.16293	0.972912	75	2	0.19453
TTBK1	6	0.37154	0.50937	0.984876	251	2	0.016816	0.37154	0.51362	0.973994	258	2	0.016816
TRIB3	6	0.37315	0.51086	0.984876	252	2	-0.16887	0.75318	0.76304	0.999391	366	1	-0.16887
STK32B	6	0.3755	0.51313	0.984876	253	2	-0.11129	0.9765	0.97641	0.999391	472	0	-0.11129
NPR2	6	0.37684	0.5143	0.984876	254	1	0.06916	0.9119	0.91269	0.999391	436	0	0.06916
AATK	6	0.37816	0.51556	0.984876	255	1	0.33711	0.08387	0.18707	0.972912	84	3	0.33711
CSNK1G2	6	0.3804	0.51808	0.984876	256	2	0.089492	0.31883	0.464	0.972912	229	1	0.089492
SGK1	6	0.38082	0.51851	0.984876	257	1	-0.097553	0.46938	0.61053	0.990589	302	2	-0.097553
WNK4	6	0.38282	0.52039	0.984876	258	2	0.099445	0.12637	0.25507	0.972912	118	3	0.099445
ACVR1B	6	0.38477	0.52254	0.984876	259	1	0.25667	0.060607	0.14908	0.972912	71	3	0.25667
MAP3K1	6	0.38609	0.52387	0.984876	260	1	0.040312	0.89355	0.89422	0.999391	428	0	0.040312
NTRK2	6	0.38684	0.52469	0.984876	261	2	-0.21903	0.89567	0.89621	0.999391	430	0	-0.21903
TTBK2	6	0.39006	0.52776	0.984876	262	2	-0.11963	0.070186	0.16481	0.972912	76	2	-0.11963
CAMK1D	6	0.39086	0.52888	0.984876	263	2	-0.039543	0.61432	0.67832	0.999391	327	1	-0.039543
CSNK2A2	6	0.39263	0.53063	0.984876	264	1	0.20303	0.59983	0.67073	0.999391	323	1	0.20303
EIF2AK2	6	0.3989	0.53732	0.984941	265	2	0.2271	0.23928	0.38973	0.972912	186	2	0.2271
TXK	6	0.39911	0.53757	0.984941	266	1	-0.032585	0.062435	0.152	0.972912	72	2	-0.032585
EPHA3	6	0.40169	0.54022	0.984941	267	1	0.12717	0.2747	0.42327	0.972912	200	2	0.12717
STK38L	6	0.40291	0.54141	0.984941	268	2	-0.17062	0.9829	0.9828	0.999391	478	0	-0.17062
DYRK1A	6	0.40297	0.54146	0.984941	269	1	0.050722	0.31163	0.45733	0.972912	225	2	0.050722
NPR1	6	0.40426	0.54287	0.984941	270	1	0.19436	0.05783	0.14447	0.972912	69	3	0.19436
CDK6	6	0.40691	0.54571	0.984941	271	2	-0.12805	0.23387	0.38473	0.972912	182	2	-0.12805
PRKAA2	6	0.4173	0.55662	0.984941	272	2	-0.26824	0.95101	0.95141	0.999391	459	0	-0.26824
PASK	6	0.41969	0.55914	0.984941	273	2	-0.030945	0.024612	0.074663	0.972912	34	2	-0.030945
SBK3	6	0.42322	0.56246	0.984941	274	1	0.012804	0.28047	0.42829	0.972912	204	2	0.012804
RYK	6	0.42367	0.56295	0.984941	275	2	0.085425	0.68795	0.71978	0.999391	349	1	0.085425
MAPKAPK2	6	0.42571	0.56492	0.984941	276	1	-0.11072	0.4441	0.58429	0.990589	288	1	-0.11072
TRRAP	6	0.42765	0.56673	0.984941	277	2	0.47006	0.023556	0.071899	0.972912	31	2	0.47006
STKLD1	6	0.42924	0.56849	0.984941	278	2	0.28415	0.16082	0.3104	0.972912	153	3	0.28415
KIAA1804	6	0.43004	0.56928	0.984941	279	2	-0.22475	0.45252	0.59319	0.990589	290	1	-0.22475
IKBKE	6	0.43066	0.56998	0.984941	280	1	-0.12678	0.81011	0.81087	0.999391	385	1	-0.12678
NEK11	6	0.43803	0.57513	0.984941	281	1	0.31579	0.38684	0.52813	0.977267	263	2	0.31579
PRKACB	6	0.44046	0.57624	0.984941	282	1	0.1015	0.13914	0.27561	0.972912	132	3	0.1015
MAST1	6	0.44289	0.57728	0.984941	283	1	0.089128	0.30583	0.45184	0.972912	221	1	0.089128
DDR1	6	0.4441	0.57776	0.984941	284	1	0.060282	0.40554	0.54663	0.977267	273	1	0.060282
MAP2K3	6	0.44531	0.57828	0.984941	285	1	0.036463	0.46435	0.60516	0.990589	299	1	0.036463
PTK6	6	0.44772	0.57943	0.984941	286	1	-0.0063511	0.010803	0.037403	0.972912	17	2	-0.0063511
ZAP70	6	0.44892	0.57992	0.984941	287	1	0.0095862	0.94739	0.94768	0.999391	458	0	0.0095862
FER	6	0.45012	0.58046	0.984941	288	1	0.10264	0.027787	0.083302	0.972912	38	3	0.10264
ADCK4	6	0.45132	0.58091	0.984941	289	1	-0.072101	0.30729	0.45322	0.972912	222	1	-0.072101
PIK3R4	6	0.46669	0.58832	0.994066	290	1	0.33966	0.01075	0.037265	0.972912	16	3	0.33966
SIK3	6	0.48512	0.59675	0.999995	291	1	0.027565	0.90846	0.90947	0.999391	435	0	0.027565
NEK9	6	0.5008	0.6039	0.999995	292	1	0.11215	0.72216	0.74131	0.999391	358	1	0.11215
CDK10	6	0.5019	0.60446	0.999995	293	1	0.18773	0.034035	0.099817	0.972912	46	3	0.18773
SBK2	6	0.51067	0.60897	0.999995	294	1	0.18983	0.043656	0.12029	0.972912	56	3	0.18983
CDKL3	6	0.51284	0.61011	0.999995	295	1	0.0017629	0.36206	0.50462	0.972912	254	1	0.0017629
IRAK3	6	0.51716	0.61203	0.999995	296	1	0.36319	0.0097667	0.034729	0.972912	15	3	0.36319
MYO3A	6	0.53516	0.62096	0.999995	297	1	0.1881	0.34246	0.48606	0.972912	244	2	0.1881
RPS6KB1	6	0.54138	0.62403	0.999995	298	1	0.28502	0.14696	0.2883	0.972912	138	2	0.28502
TRPM6	6	0.54548	0.62611	0.999995	299	1	0.14457	0.39263	0.53382	0.977267	266	2	0.14457
PDK4	6	0.55158	0.62934	0.999995	300	1	-0.15689	0.87632	0.8771	0.999391	418	0	-0.15689
MAPKAPK3	6	0.5536	0.63025	0.999995	301	1	0.20106	0.15828	0.30648	0.972912	149	3	0.20106
MAP3K11	6	0.55762	0.63218	0.999995	302	1	0.26362	0.21073	0.36354	0.972912	172	2	0.26362
TNIK	6	0.56061	0.63368	0.999995	303	1	0.050653	0.082816	0.18526	0.972912	83	1	0.050653
PRKD1	6	0.56457	0.63563	0.999995	304	1	0.29207	0.27168	0.42025	0.972912	198	2	0.29207
EPHA8	6	0.56654	0.63659	0.999995	305	1	0.42197	0.0047041	0.019363	0.790655	12	5	0.42197
DCLK2	6	0.57724	0.6419	0.999995	306	1	0.058565	0.10463	0.22102	0.972912	102	2	0.058565
SGK494	6	0.58012	0.64339	0.999995	307	1	0.058184	0.24874	0.39828	0.972912	192	2	0.058184
LCK	6	0.58489	0.64608	0.999995	308	1	-0.027153	0.23777	0.38839	0.972912	185	2	-0.027153
PRKACG	6	0.58678	0.64708	0.999995	309	1	-0.039315	0.66325	0.70495	0.999391	343	1	-0.039315
ADCK1	6	0.58867	0.64825	0.999995	310	1	0.39773	0.1293	0.25962	0.972912	122	3	0.39773
GCK	6	0.59054	0.64937	0.999995	311	1	0.019647	0.68268	0.71656	0.999391	347	1	0.019647
DYRK4	6	0.59335	0.65089	0.999995	312	1	-0.070509	0.20085	0.35451	0.972912	167	2	-0.070509
CDK14	6	0.59706	0.65315	0.999995	313	1	0.26664	0.036744	0.10674	0.972912	51	3	0.26664
MAP3K13	6	0.59891	0.65409	0.999995	314	1	0.22934	0.434	0.57433	0.985649	284	2	0.22934
NTRK3	6	0.6035	0.65679	0.999995	315	1	-0.13076	0.91992	0.9201	0.999391	441	0	-0.13076
EPHA5	6	0.60532	0.6577	0.999995	316	1	0.033977	0.28367	0.43121	0.972912	206	2	0.033977
SCYL2	6	0.60804	0.65921	0.999995	317	1	-0.097001	0.9282	0.9282	0.999391	447	0	-0.097001
STK24	6	0.60894	0.65976	0.999995	318	1	0.4251	0.024481	0.074227	0.972912	33	4	0.4251
PTK2B	6	0.60984	0.66024	0.999995	319	1	0.087025	0.12838	0.25823	0.972912	121	2	0.087025
NLK	6	0.62228	0.66728	0.999995	320	1	0.0484	0.74697	0.75851	0.999391	362	1	0.0484
MARK3	6	0.62577	0.66925	0.999995	321	1	0.0892	0.24554	0.39539	0.972912	191	1	0.0892
SIK2	6	0.63863	0.67706	0.999995	322	1	0.0020826	0.89893	0.8999	0.999391	431	0	0.0020826
ULK2	6	0.647	0.68214	0.999995	323	1	0.34997	0.033764	0.099103	0.972912	45	3	0.34997
CDC42BPA	6	0.64783	0.68271	0.999995	324	1	-0.17824	0.99468	0.99432	0.999391	485	0	-0.17824
NEK8	6	0.64865	0.6831	0.999995	325	1	-0.067894	0.86297	0.8638	0.999391	415	0	-0.067894
WNK3	6	0.65439	0.68692	0.999995	326	1	-0.0019669	0.92688	0.92695	0.999391	445	0	-0.0019669
HIPK1	6	0.6552	0.68738	0.999995	327	1	0.307	0.036273	0.1055	0.972912	49	3	0.307
MARK2	6	0.66005	0.6902	0.999995	328	1	0.15618	0.16069	0.31021	0.972912	152	3	0.15618
ADCK5	6	0.66165	0.69142	0.999995	329	1	0.03256	0.20844	0.36154	0.972912	170	2	0.03256
FLT4	6	0.66245	0.69186	0.999995	330	1	-0.023136	0.8998	0.90098	0.999391	432	0	-0.023136
MAPK1	6	0.66484	0.69336	0.999995	331	1	-0.27545	0.78512	0.78836	0.999391	377	1	-0.27545
RPS6KA3	12	0.67066	0.81163	0.999995	332	2	0.086367	0.44899	0.67553	0.999391	289	3	0.086367
MAK	6	0.67114	0.69731	0.999995	333	1	0.18282	0.7995	0.80061	0.999391	380	1	0.18282
CDK2	6	0.67347	0.69879	0.999995	334	1	-0.29887	0.98195	0.98182	0.999391	476	0	-0.29887
CDK17	6	0.67656	0.70086	0.999995	335	1	0.11544	0.85447	0.85518	0.999391	412	0	0.11544
FGFR2	6	0.67733	0.70132	0.999995	336	1	-0.15043	0.8295	0.82985	0.999391	396	0	-0.15043
CLK1	6	0.6781	0.70185	0.999995	337	1	-0.10323	0.049225	0.13024	0.972912	60	2	-0.10323
FGFR3	6	0.67963	0.70308	0.999995	338	1	0.088285	0.75563	0.76476	0.999391	368	1	0.088285
MKNK1	6	0.68116	0.70405	0.999995	339	1	-0.30414	0.39133	0.5326	0.977267	264	1	-0.30414
TLK2	5	0.68511	0.69065	0.999995	340	1	0.43752	0.10165	0.21405	0.972912	96	2	0.43752
CDC42BPB	6	0.6872	0.70818	0.999995	341	1	0.081699	0.24011	0.39043	0.972912	188	2	0.081699
STK31	6	0.68795	0.70862	0.999995	342	1	0.36467	0.028449	0.085085	0.972912	39	4	0.36467
TSSK4	6	0.69167	0.71133	0.999995	343	1	0.23407	0.015479	0.050698	0.972912	23	3	0.23407
TLK1	6	0.69608	0.71445	0.999995	344	1	0.11281	0.8212	0.82185	0.999391	390	1	0.11281
EPHB4	6	0.69754	0.71551	0.999995	345	1	0.12304	0.47482	0.61453	0.993792	303	1	0.12304
PRKDC	6	0.7076	0.72257	0.999995	346	1	0.50753	0.44192	0.58221	0.990569	287	2	0.50753
RPS6KA2	12	0.70801	0.83182	0.999995	347	1	-0.19683	0.93847	0.94824	0.999391	454	1	-0.19683
PLK1	6	0.71252	0.72587	0.999995	348	1	-0.31865	0.33584	0.48001	0.972912	240	2	-0.31865
MAST2	6	0.71461	0.7272	0.999995	349	1	-0.14756	0.35458	0.49699	0.972912	248	2	-0.14756
MYLK3	6	0.7153	0.72765	0.999995	350	1	0.16943	0.10309	0.21871	0.972912	100	3	0.16943
NEK2	6	0.7208	0.73185	0.999995	351	1	-0.090923	0.29558	0.44195	0.972912	218	2	-0.090923
CDK7	6	0.7302	0.73898	0.999995	352	1	1.3787	1.9809e-05	0.00013374	0.021845	3	3	1.3787
TSSK3	6	0.7348	0.74242	0.999995	353	1	0.32007	0.15041	0.29357	0.972912	142	3	0.32007
CDK18	6	0.74126	0.74746	0.999995	354	1	0.072136	0.8392	0.83994	0.999391	401	0	0.072136
FLT3	6	0.74318	0.74888	0.999995	355	1	-0.19832	0.50301	0.62609	0.999391	307	1	-0.19832
ERBB3	6	0.74571	0.75078	0.999995	356	1	0.19837	0.099215	0.21265	0.972912	94	2	0.19837
STK35	6	0.75318	0.75707	0.999995	357	1	0.18867	0.1035	0.21942	0.972912	101	3	0.18867
PDGFRB	6	0.75502	0.7585	0.999995	358	1	-0.073163	0.75009	0.7607	0.999391	364	1	-0.073163
TRIB1	6	0.75926	0.76192	0.999995	359	1	0.021091	0.13107	0.26282	0.972912	127	2	0.021091
MKNK2	6	0.76047	0.76292	0.999995	360	1	-0.18872	0.97472	0.97457	0.999391	471	0	-0.18872
CAMK2B	6	0.76107	0.76352	0.999995	361	1	0.18548	0.58583	0.66371	0.999391	321	1	0.18548
PRKD3	6	0.76166	0.76408	0.999995	362	1	0.056952	0.1304	0.2617	0.972912	126	2	0.056952
MAPK11	6	0.76757	0.76963	0.999995	363	1	0.35269	0.032671	0.096379	0.972912	44	4	0.35269
ITK	6	0.76874	0.77078	0.999995	364	1	0.064615	0.7262	0.744	0.999391	359	1	0.064615
EGFR	6	0.77106	0.77271	0.999995	365	1	0.35059	0.29649	0.44284	0.972912	219	2	0.35059
ADRBK1	6	0.77164	0.77315	0.999995	366	1	-0.30759	0.98044	0.98044	0.999391	474	0	-0.30759
RPS6KA4	12	0.77302	0.86903	0.999995	367	1	0.17589	0.18014	0.40232	0.972912	161	4	0.17589
CLK3	6	0.77336	0.77466	0.999995	368	1	0.049782	0.6857	0.71843	0.999391	348	1	0.049782
STK17A	6	0.77507	0.77636	0.999995	369	1	0.19504	0.05706	0.14335	0.972912	68	3	0.19504
EPHB3	6	0.77734	0.77834	0.999995	370	1	-0.097872	0.52464	0.63582	0.999391	310	1	-0.097872
PRKCG	6	0.77903	0.7798	0.999995	371	1	0.2756	0.056811	0.14307	0.972912	67	2	0.2756
RIOK3	6	0.77959	0.78034	0.999995	372	1	-0.13259	0.35661	0.49894	0.972912	249	1	-0.13259
CDC7	5	0.78048	0.78087	0.999995	373	0	0.17222	0.05073	0.12009	0.972912	64	2	0.17222
RPS6KB2	6	0.78622	0.78635	0.999995	374	1	0.057373	0.15391	0.29951	0.972912	145	2	0.057373
AK2	6	0.78676	0.78678	0.999995	375	1	0.13618	0.2054	0.35872	0.972912	169	2	0.13618
NEK3	6	0.78785	0.78789	0.999995	376	1	-0.040921	0.86447	0.8652	0.999391	416	0	-0.040921
WNK2	6	0.78839	0.78846	0.999995	377	1	-0.10524	0.50958	0.62921	0.999391	308	1	-0.10524
INSRR	6	0.78947	0.7896	0.999995	378	1	0.045529	0.28927	0.4362	0.972912	211	2	0.045529
NRBP1	6	0.79001	0.78997	0.999995	379	1	0.18079	0.75441	0.76387	0.999391	367	1	0.18079
TEC	6	0.79054	0.79052	0.999995	380	1	0.01338	0.11715	0.2414	0.972912	115	1	0.01338
RIPK4	6	0.7948	0.79448	0.999995	381	1	-0.17764	0.33438	0.47863	0.972912	239	2	-0.17764
EIF2AK4	12	0.79722	0.88402	0.999995	382	2	0.15948	0.048293	0.16053	0.972912	59	5	0.15948
VRK3	6	0.79846	0.79807	0.999995	383	1	-0.19794	0.60623	0.67409	0.999391	325	1	-0.19794
MAP3K5	6	0.8036	0.80352	0.999995	384	0	0.34398	0.081291	0.18308	0.972912	82	3	0.34398
STK39	6	0.80562	0.80541	0.999995	385	0	0.16743	0.29008	0.43708	0.972912	213	2	0.16743
BTK	6	0.80613	0.806	0.999995	386	0	-0.1482	0.35934	0.50189	0.972912	251	1	-0.1482
ERN1	6	0.80763	0.80779	0.999995	387	0	0.24628	0.12838	0.25823	0.972912	120	3	0.24628
MYLK4	6	0.80813	0.80831	0.999995	388	0	-0.14722	0.76404	0.77147	0.999391	371	1	-0.14722
BMPR2	6	0.80912	0.80934	0.999995	389	0	0.21293	0.22503	0.37684	0.972912	176	2	0.21293
LYN	6	0.81011	0.81027	0.999995	390	0	0.11829	0.15128	0.29495	0.972912	143	3	0.11829
AK3	6	0.81257	0.81271	0.999995	391	0	-0.051747	0.59148	0.66657	0.999391	322	1	-0.051747
KSR2	6	0.81789	0.81832	0.999995	392	0	0.42469	0.00055038	0.0028779	0.235032	6	5	0.42469
MAP3K12	6	0.81884	0.81943	0.999995	393	0	0.4992	0.15727	0.30493	0.972912	147	3	0.4992
MAP3K6	6	0.81931	0.81985	0.999995	394	0	0.20454	0.43162	0.572	0.985649	283	2	0.20454
CSNK1G1	6	0.82307	0.82371	0.999995	395	0	0.014774	0.5616	0.65252	0.999391	315	1	0.014774
CSNK1G3	6	0.82354	0.82411	0.999995	396	0	0.27207	0.22533	0.37712	0.972912	177	2	0.27207
BRSK2	6	0.82539	0.82581	0.999995	397	0	-0.10393	0.10102	0.21538	0.972912	95	2	-0.10393
GAK	6	0.82904	0.82942	0.999995	398	0	0.46747	0.042754	0.11877	0.972912	55	2	0.46747
AKT1	6	0.83085	0.83131	0.999995	399	0	0.1821	0.82677	0.82728	0.999391	394	0	0.1821
STK19	6	0.83219	0.83284	0.999995	400	0	0.19112	0.23076	0.38198	0.972912	180	2	0.19112
TAOK2	6	0.83352	0.83423	0.999995	401	0	0.2655	0.15462	0.30042	0.972912	146	2	0.2655
BUB1	6	0.84176	0.84242	0.999995	402	0	0.26207	0.0026934	0.011467	0.679342	8	3	0.26207
VRK2	6	0.84513	0.8459	0.999995	403	0	0.088949	0.095592	0.20668	0.972912	91	2	0.088949
SRC	6	0.84596	0.84672	0.999995	404	0	-0.049607	0.65601	0.70092	0.999391	339	1	-0.049607
OXSR1	6	0.84802	0.84867	0.999995	405	0	0.087606	0.82167	0.82231	0.999391	391	1	0.087606
IKBKB	6	0.84966	0.85042	0.999995	406	0	-0.15367	0.96374	0.96358	0.999391	465	0	-0.15367
STK3	6	0.85087	0.85156	0.999995	407	0	0.062807	0.14968	0.29237	0.972912	141	2	0.062807
NEK6	6	0.85368	0.85433	0.999995	408	0	-0.15024	0.64367	0.69388	0.999391	335	1	-0.15024
ATR	6	0.85447	0.85518	0.999995	409	0	1.1542	0.00038443	0.002016	0.197573	5	4	1.1542
PRKG2	6	0.85566	0.85641	0.999995	410	0	-0.14066	0.38082	0.52222	0.977267	261	1	-0.14066
CSNK1D	6	0.85644	0.85711	0.999995	411	0	0.49144	0.0045313	0.018729	0.790655	11	5	0.49144
POLR2D	2	0.85687	0.85503	0.999995	412	0	1.4686	0.19821	0.22068	0.972912	165	1	1.4686
DCLK3	6	0.85761	0.85835	0.999995	413	0	-0.10277	0.6804	0.71522	0.999391	346	1	-0.10277
UHMK1	6	0.85954	0.86051	0.999995	414	0	0.10085	0.24085	0.39097	0.972912	189	1	0.10085
JAK3	12	0.8606	0.90878	0.999995	415	1	0.17542	0.015846	0.06756	0.972912	25	4	0.17542
CDK4	6	0.86069	0.86171	0.999995	416	0	0.11954	0.32872	0.47298	0.972912	234	2	0.11954
TBCK	6	0.86146	0.86239	0.999995	417	0	0.094669	0.15898	0.30764	0.972912	150	1	0.094669
EPHB2	6	0.86183	0.86279	0.999995	418	0	-0.11827	0.85168	0.85248	0.999391	408	0	-0.11827
ROR1	6	0.86669	0.86778	0.999995	419	0	0.089494	0.10244	0.21767	0.972912	97	2	0.089494
ERBB4	6	0.86743	0.86857	0.999995	420	0	0.23409	0.16956	0.32361	0.972912	159	3	0.23409
EPHA4	6	0.86816	0.8694	0.999995	421	0	-0.10006	0.80813	0.80904	0.999391	383	1	-0.10006
SRMS	6	0.86888	0.8701	0.999995	422	0	0.21961	0.078395	0.17857	0.972912	79	3	0.21961
STK25	6	0.87423	0.87527	0.999995	423	0	0.2915	0.1115	0.23237	0.972912	107	3	0.2915
ADCK3	6	0.87632	0.8771	0.999995	424	0	0.32602	0.046619	0.12568	0.972912	58	3	0.32602
EPHB1	6	0.87838	0.87894	0.999995	425	0	0.12179	0.40931	0.55046	0.977267	276	2	0.12179
CSNK1E	6	0.8794	0.87992	0.999995	426	0	-0.0742	0.85644	0.85711	0.999391	413	0	-0.0742
ALK	6	0.88472	0.88512	0.999995	427	0	-0.0076306	0.45452	0.59541	0.990589	292	2	-0.0076306
STK10	6	0.88569	0.88604	0.999995	428	0	0.069453	0.11388	0.23619	0.972912	112	2	0.069453
PRKG1	6	0.8873	0.88781	0.999995	429	0	0.19077	0.036663	0.10658	0.972912	50	3	0.19077
CDK11B	5	0.88835	0.88825	0.999995	430	0	0.46367	0.031653	0.081826	0.972912	42	3	0.46367
RPL9	4	0.88945	0.88928	0.999995	431	0	1.6712	0.023394	0.059149	0.972912	30	2	1.6712
RPL23A	3	0.89013	0.89087	0.999995	432	0	0.97026	0.049286	0.093001	0.972912	62	2	0.97026
TNNI3K	6	0.89325	0.89395	0.999995	433	0	0.0074618	0.80912	0.81001	0.999391	384	1	0.0074618
MARK1	6	0.89775	0.89858	0.999995	434	0	0.0043971	0.28371	0.43124	0.972912	207	1	0.0043971
CHUK	6	0.89951	0.90061	0.999995	435	0	-0.052694	0.61876	0.6804	0.999391	329	1	-0.052694
TNK1	6	0.91268	0.91341	0.999995	436	0	-0.05139	0.96709	0.96689	0.999391	468	0	-0.05139
FGFR4	6	0.91674	0.91716	0.999995	437	0	0.01336	0.26712	0.41592	0.972912	197	2	0.01336
PDPK1	5	0.91746	0.91814	0.999995	438	0	-0.091573	0.72177	0.72507	0.999391	357	1	-0.091573
MAPK15	6	0.91968	0.91996	0.999995	439	0	0.080364	0.48851	0.62	0.999337	305	1	0.080364
TRPM7	6	0.91992	0.9201	0.999995	440	0	0.2096	0.11893	0.2438	0.972912	116	1	0.2096
RIPK1	6	0.92016	0.9204	0.999995	441	0	0.33116	0.10516	0.22165	0.972912	103	3	0.33116
FLT1	6	0.92643	0.92666	0.999995	442	0	-0.030669	0.030576	0.090792	0.972912	40	2	-0.030669
HIPK3	5	0.92724	0.92774	0.999995	443	0	0.358	0.19968	0.32186	0.972912	166	2	0.358
STK32A	6	0.92842	0.92848	0.999995	444	0	0.14548	0.36104	0.50351	0.972912	253	2	0.14548
CSNK2A1	5	0.92924	0.92981	0.999995	445	0	-0.042072	0.48456	0.56935	0.985649	304	1	-0.042072
EPHA1	6	0.9293	0.92947	0.999995	446	0	-0.0071971	0.87353	0.87472	0.999391	417	0	-0.0071971
GRK6	6	0.93186	0.93226	0.999995	447	0	0.17541	0.41821	0.55919	0.983305	278	1	0.17541
MAP2K6	6	0.93228	0.93275	0.999995	448	0	-0.038942	0.32307	0.46753	0.972912	231	2	-0.038942
MAP4K1	6	0.93966	0.93992	0.999995	449	0	-0.080882	0.85288	0.85356	0.999391	409	0	-0.080882
DYRK2	6	0.94061	0.94104	0.999995	450	0	0.55487	0.015806	0.05156	0.972912	24	4	0.55487
PAK1	6	0.94172	0.94223	0.999995	451	0	0.14399	0.34407	0.48757	0.972912	245	2	0.14399
STK17B	6	0.94408	0.94455	0.999995	452	0	0.20876	0.11022	0.23029	0.972912	106	3	0.20876
MET	6	0.94906	0.9495	0.999995	453	0	0.30648	0.04396	0.12076	0.972912	57	3	0.30648
AAK1	6	0.95037	0.95091	0.999995	454	0	0.24656	0.095647	0.20679	0.972912	92	2	0.24656
EPHB6	6	0.95442	0.95431	0.999995	455	0	-0.042336	0.96509	0.96486	0.999391	467	0	-0.042336
PKN1	6	0.9582	0.9578	0.999995	456	0	0.028941	0.46902	0.61019	0.990589	301	1	0.028941
WNK1	6	0.95917	0.95897	0.999995	457	0	0.035474	0.68869	0.72025	0.999391	351	1	0.035474
STRADA	6	0.96012	0.95985	0.999995	458	0	0.23179	0.034172	0.10008	0.972912	47	3	0.23179
SLK	6	0.96171	0.96137	0.999995	459	0	0.1972	0.40531	0.54638	0.977267	272	2	0.1972
CDK9	10	0.96239	0.96226	0.999995	460	0	0.29683	0.094896	0.24666	0.972912	90	4	0.29683
STK38	6	0.96349	0.96326	0.999995	461	0	0.014441	0.5019	0.62566	0.999391	306	1	0.014441
ROCK1	6	0.96581	0.96568	0.999995	462	0	0.41061	0.012176	0.041178	0.972912	19	4	0.41061
CDK3	6	0.96674	0.96656	0.999995	463	0	0.39312	0.024093	0.073167	0.972912	32	4	0.39312
TRIO	6	0.96844	0.96816	0.999995	464	0	0.085656	0.32738	0.47179	0.972912	233	2	0.085656
CAMK1G	6	0.96888	0.96871	0.999995	465	0	0.13547	0.15384	0.29938	0.972912	144	2	0.13547
PAK4	6	0.97111	0.97108	0.999995	466	0	0.017292	0.89046	0.89133	0.999391	427	0	0.017292
CDK5	6	0.97444	0.97438	0.999995	467	0	0.55301	0.010873	0.037621	0.972912	18	4	0.55301
TESK1	6	0.97794	0.97783	0.999995	468	0	0.28191	0.027594	0.082826	0.972912	37	4	0.28191
EPHA7	6	0.97818	0.97803	0.999995	469	0	-0.0041321	0.42571	0.56622	0.985649	280	1	-0.0041321
MAPK9	6	0.97867	0.97855	0.999995	470	0	0.1817	0.32169	0.46642	0.972912	230	1	0.1817
PAK7	6	0.97984	0.97976	0.999995	471	0	0.31085	0.18512	0.34013	0.972912	162	2	0.31085
EPHA10	6	0.98181	0.98166	0.999995	472	0	0.29762	0.05493	0.14005	0.972912	66	3	0.29762
PKMYT1	5	0.98279	0.98256	0.999995	473	0	0.98259	0.0041037	0.01431	0.701214	10	2	0.98259
LRRK2	6	0.98486	0.98498	0.999995	474	0	0.38479	0.0322	0.095398	0.972912	43	4	0.38479
CDK11A	6	0.98516	0.98524	0.999995	475	0	0.3348	0.21455	0.36702	0.972912	174	2	0.3348
CAMK2D	6	0.98647	0.98658	0.999995	476	0	0.4063	0.025938	0.078339	0.972912	36	4	0.4063
CAMKK2	6	0.98685	0.987	0.999995	477	0	0.25534	0.13866	0.27498	0.972912	131	3	0.25534
ACVR2A	6	0.98742	0.9876	0.999995	478	0	0.29104	0.11193	0.2331	0.972912	109	3	0.29104
MTOR	6	0.98837	0.98856	0.999995	479	0	0.64321	0.13818	0.27411	0.972912	130	3	0.64321
ACVR1	6	0.99017	0.99016	0.999995	480	0	0.086665	0.064303	0.15499	0.972912	73	1	0.086665
KSR1	6	0.99029	0.99028	0.999995	481	0	0.2343	0.13788	0.27366	0.972912	129	3	0.2343
GSK3B	6	0.99144	0.99134	0.999995	482	0	0.26019	0.14868	0.29092	0.972912	140	2	0.26019
CHEK1	6	0.99212	0.99216	0.999995	483	0	2.3643	3.5544e-06	1.486e-05	0.003641	2	5	2.3643
LMTK3	6	0.99229	0.99227	0.999995	484	0	0.20459	0.11359	0.23572	0.972912	110	1	0.20459
RNASEL	6	0.99263	0.99245	0.999995	485	0	0.30732	0.059601	0.14724	0.972912	70	3	0.30732
PTK7	6	0.99483	0.99451	0.999995	486	0	0.16482	0.83833	0.8391	0.999391	400	0	0.16482
MAP3K8	6	0.99719	0.99702	0.999995	487	0	0.22705	0.42765	0.56795	0.985649	281	2	0.22705
POMK	4	0.9988	0.99898	0.999995	488	0	0.44704	0.0012043	0.0047107	0.32975	7	4	0.44704
NEK1	6	0.99893	0.99892	0.999995	489	0	0.316	0.34004	0.4839	0.972912	243	2	0.316
STK11	6	1.0	1.0	0.999995	490	0	1.7217	6.0384e-10	4.9534e-06	0.002427	1	6	1.7217
