id	num	neg|score	neg|p-value	neg|fdr	neg|rank	neg|goodsgrna	neg|lfc	pos|score	pos|p-value	pos|fdr	pos|rank	pos|goodsgrna	pos|lfc
NEK2	6	6.44e-08	4.9534e-06	0.000405	1	6	-2.0161	0.9992	0.9992	0.999995	473	0	-2.0161
CHEK1	6	1.8367e-07	4.9534e-06	0.000405	2	6	-9.091	1.0	1.0	0.999995	490	0	-9.091
MTOR	6	1.9348e-07	4.9534e-06	0.000405	3	6	-6.213	1.0	1.0	0.999995	489	0	-6.213
TRRAP	6	7.7605e-07	4.9534e-06	0.000405	4	5	-8.4999	0.99589	0.99559	0.999995	464	0	-8.4999
AURKB	6	9.3792e-07	4.9534e-06	0.000405	5	5	-8.9437	0.72514	0.88918	0.999995	409	1	-8.9437
ATR	6	1.0097e-06	4.9534e-06	0.000405	6	5	-9.201	0.99084	0.99089	0.999995	459	1	-9.201
MASTL	12	2.1701e-06	2.4767e-05	0.001348	7	8	-2.8977	0.5768	0.87501	0.999995	369	4	-2.8977
PKMYT1	6	3.199e-06	1.486e-05	0.00104	8	6	-7.6207	1.0	1.0	0.999995	488	0	-7.6207
MAP3K7	6	5.4594e-06	2.4767e-05	0.001348	9	6	-6.8831	0.99984	0.99984	0.999995	477	0	-6.8831
CDK12	6	1.2463e-05	7.4302e-05	0.003641	10	6	-3.1551	0.99999	0.99998	0.999995	487	0	-3.1551
RIOK1	6	1.5278e-05	8.4208e-05	0.003751	11	6	-4.1693	0.99998	0.99998	0.999995	486	0	-4.1693
WEE1	6	1.622e-05	9.4115e-05	0.003843	12	5	-5.2564	0.99389	0.99359	0.999995	462	0	-5.2564
WNK1	6	1.8603e-05	0.00012384	0.004668	13	6	-2.3497	0.99998	0.99998	0.999995	485	0	-2.3497
TTK	6	2.1476e-05	0.00014365	0.004693	14	6	-6.1628	0.99998	0.99998	0.999995	484	0	-6.1628
EGFR	6	3.3121e-05	0.000213	0.005749	15	6	-1.9872	0.99997	0.99997	0.999995	483	0	-1.9872
PRPF4B	6	3.4908e-05	0.0002229	0.005749	16	6	-5.5421	0.99783	0.99773	0.999995	468	0	-5.5421
AURKA	5	3.9487e-05	0.00017337	0.005309	17	4	-9.7373	0.88282	0.94099	0.999995	435	1	-9.7373
RPA3	4	4.1623e-05	0.00013374	0.004681	18	4	-5.888	0.99996	0.99997	0.999995	482	0	-5.888
CDK13	6	6.1403e-05	0.00031207	0.007646	19	6	-2.8824	0.99986	0.99987	0.999995	479	0	-2.8824
CSNK1A1	6	6.7633e-05	0.00038141	0.0089	20	6	-4.9241	0.9989	0.99887	0.999995	470	0	-4.9241
RPL9	4	7.108e-05	0.00019318	0.005568	21	4	-4.1507	0.99993	0.99994	0.999995	481	0	-4.1507
CDC7	6	7.2431e-05	0.00041114	0.00897	22	6	-4.2035	0.99932	0.99931	0.999995	474	0	-4.2035
POLR2A	8	7.3054e-05	0.00057955	0.011833	23	8	-2.9215	0.99975	0.99973	0.999995	475	0	-2.9215
PLK1	6	7.9721e-05	0.00042104	0.00897	24	6	-4.1441	0.99992	0.99994	0.999995	480	0	-4.1441
PRKDC	6	0.00013624	0.00075788	0.014283	25	6	-2.6047	0.99986	0.99987	0.999995	478	0	-2.6047
CDK7	6	0.00013658	0.00075788	0.014283	26	6	-3.6124	0.99893	0.99892	0.999995	471	0	-3.6124
CDK2	6	0.00016113	0.00086685	0.015732	27	5	-8.2713	0.10273	0.28838	0.944054	148	1	-8.2713
CIT	6	0.00017732	0.00098573	0.01725	28	6	-1.3498	0.99982	0.99983	0.999995	476	0	-1.3498
NRBP1	6	0.00029986	0.0016297	0.026618	29	5	-3.2195	0.4593	0.73252	0.999995	338	1	-3.2195
PCNA	4	0.00032459	0.0013622	0.023016	30	3	-5.2513	0.38514	0.61712	0.999995	313	1	-5.2513
BUB1B	6	0.00057317	0.0031652	0.048323	31	5	-2.8352	0.98121	0.98467	0.999995	453	1	-2.8352
MARK2	6	0.00058693	0.0032544	0.048323	32	5	-1.9201	0.98219	0.98514	0.999995	454	1	-1.9201
CDK1	5	0.00068857	0.0029473	0.046586	33	4	-1.9964	0.50043	0.73047	0.999995	350	1	-1.9964
ILK	6	0.00074513	0.0040866	0.058895	34	6	-2.6065	0.99883	0.99873	0.999995	469	0	-2.6065
PIK3R4	6	0.00079098	0.0043343	0.06068	35	5	-4.9778	0.97365	0.98135	0.999995	450	1	-4.9778
PTK2	6	0.00097473	0.0051466	0.070051	36	6	-2.9355	0.99903	0.999	0.999995	472	0	-2.9355
RPS6KB1	6	0.0016025	0.0082376	0.109092	37	5	-1.2999	0.99677	0.99652	0.999995	467	0	-1.2999
EPHB4	6	0.0017641	0.0089707	0.109934	38	3	-0.25045	0.4808	0.74531	0.999995	347	3	-0.25045
PLK4	6	0.0017792	0.0090598	0.109934	39	5	-4.2365	0.99503	0.99481	0.999995	463	0	-4.2365
CLK2	6	0.001794	0.0091292	0.109934	40	5	-1.581	0.96751	0.97916	0.999995	449	1	-1.581
BUB1	6	0.0018065	0.0091985	0.109934	41	4	-1.7631	0.66045	0.85135	0.999995	397	2	-1.7631
CDK9	10	0.0020703	0.011972	0.13643	42	7	-1.1464	0.3614	0.6989	0.999995	299	1	-1.1464
SMG1	6	0.0022303	0.011259	0.131357	43	5	-1.8746	0.97863	0.98337	0.999995	452	1	-1.8746
GAK	6	0.0030247	0.014202	0.158153	44	5	-1.1565	0.99601	0.99569	0.999995	465	0	-1.1565
ATM	6	0.0035032	0.016044	0.174703	45	5	-2.1493	0.96022	0.97704	0.999995	447	1	-2.1493
PIM3	6	0.0049176	0.021473	0.228736	46	3	0.13649	0.35973	0.63715	0.999995	296	3	0.13649
MAP3K12	6	0.0066577	0.028131	0.293276	47	5	-1.1593	0.60402	0.81816	0.999995	381	1	-1.1593
AK1	6	0.0072904	0.030587	0.310927	48	5	-0.64572	0.87463	0.94543	0.999995	433	1	-0.64572
CSK	6	0.0074556	0.031093	0.310927	49	5	-1.0066	0.91797	0.96378	0.999995	442	1	-1.0066
PINK1	6	0.011474	0.044586	0.436942	50	3	-0.16746	0.6031	0.8176	0.999995	379	3	-0.16746
BMPR1A	6	0.014653	0.055285	0.531173	51	5	-0.91872	0.97505	0.98185	0.999995	451	1	-0.91872
PLK2	6	0.015583	0.058654	0.539869	52	5	-0.56615	0.81074	0.9221	0.999995	424	1	-0.56615
CAMKK1	6	0.01573	0.059139	0.539869	53	5	-0.63799	0.75586	0.90473	0.999995	416	1	-0.63799
NPR2	6	0.015828	0.059496	0.539869	54	4	-0.80901	0.38051	0.65897	0.999995	309	2	-0.80901
PRKACA	6	0.017317	0.06439	0.573654	55	3	-0.67119	0.59575	0.81331	0.999995	376	2	-0.67119
VRK1	6	0.017738	0.065717	0.575026	56	5	-1.313	0.08457	0.24869	0.906571	134	1	-1.313
ADRBK1	6	0.020487	0.073821	0.634602	57	4	-0.9569	0.41914	0.69789	0.999995	326	1	-0.9569
MUSK	6	0.025679	0.090326	0.750165	58	5	-0.49648	0.99145	0.99138	0.999995	460	1	-0.49648
CDK18	6	0.02694	0.093991	0.767597	59	4	-0.90889	0.46099	0.73366	0.999995	339	2	-0.90889
RPL23A	3	0.030738	0.075436	0.637303	60	2	-1.8582	0.42346	0.58437	0.999995	330	1	-1.8582
BMPR1B	6	0.035916	0.11484	0.900978	61	2	0.52687	0.19902	0.4526	0.981302	226	3	0.52687
STK10	6	0.036884	0.11702	0.900978	62	3	-0.26994	0.40317	0.68184	0.999995	318	3	-0.26994
CDK15	6	0.037121	0.11768	0.900978	63	4	-0.95748	0.40397	0.68256	0.999995	319	2	-0.95748
NPR1	6	0.038318	0.12003	0.904817	64	3	0.072116	0.23606	0.49796	0.995928	244	3	0.072116
IKBKE	6	0.039784	0.12321	0.911281	65	4	-0.8963	0.16224	0.40403	0.970457	204	2	-0.8963
CDK11B	6	0.040347	0.1246	0.911281	66	4	-2.0329	0.99658	0.99639	0.999995	466	0	-2.0329
RIOK2	6	0.044941	0.13461	0.969981	67	3	-0.41744	0.73004	0.89213	0.999995	411	3	-0.41744
SNRK	6	0.047845	0.14127	0.999767	68	4	-0.47912	0.42164	0.70052	0.999995	329	2	-0.47912
TSSK6	6	0.049697	0.14545	0.999767	69	4	-0.58245	0.19897	0.45248	0.981302	225	2	-0.58245
PLK3	6	0.055529	0.15782	0.999767	70	4	-0.56634	0.60522	0.81884	0.999995	382	2	-0.56634
CSF1R	6	0.055576	0.15791	0.999767	71	3	-0.60298	0.26231	0.52895	0.999995	254	2	-0.60298
MAPK13	6	0.058026	0.16234	0.999767	72	4	-0.66995	0.42153	0.70041	0.999995	328	2	-0.66995
STK40	6	0.058488	0.16327	0.999767	73	4	-1.0657	0.95409	0.97545	0.999995	446	1	-1.0657
POLR2D	2	0.059852	0.10604	0.851783	74	1	-3.4168	0.1126	0.19081	0.84232	158	1	-3.4168
IKBKB	6	0.060505	0.16743	0.999767	75	2	-0.11117	0.22036	0.47867	0.991793	235	2	-0.11117
RIPK3	6	0.064579	0.17538	0.999767	76	4	-0.70803	0.52008	0.76846	0.999995	352	2	-0.70803
TAOK2	6	0.065552	0.17747	0.999767	77	4	-0.78132	0.9877	0.98846	0.999995	456	1	-0.78132
PASK	6	0.068853	0.1842	0.999767	78	3	-0.31452	0.24444	0.50773	0.997136	248	3	-0.31452
SBK1	6	0.070548	0.18773	0.999767	79	4	-0.57064	0.98703	0.98808	0.999995	455	1	-0.57064
INSRR	6	0.072241	0.19143	0.999767	80	3	-0.05383	0.53021	0.77454	0.999995	356	3	-0.05383
ABL1	6	0.074262	0.19534	0.999767	81	4	-0.50744	0.74152	0.89865	0.999995	414	2	-0.50744
PTK6	6	0.07589	0.19845	0.999767	82	4	-0.50682	0.78089	0.91244	0.999995	419	2	-0.50682
TXK	6	0.076067	0.19894	0.999767	83	4	-0.69612	0.1537	0.38839	0.956518	197	2	-0.69612
DYRK1B	6	0.078375	0.20383	0.999767	84	4	-0.66712	0.77476	0.91064	0.999995	418	2	-0.66712
ADCK3	6	0.079495	0.20606	0.999767	85	4	-0.94046	0.8845	0.94912	0.999995	436	2	-0.94046
PDIK1L	6	0.080059	0.2071	0.999767	86	4	-0.53635	0.38069	0.65919	0.999995	310	2	-0.53635
DDR2	6	0.080342	0.20764	0.999767	87	4	-0.43447	0.99203	0.99201	0.999995	461	0	-0.43447
EPHA3	6	0.08091	0.20879	0.999767	88	4	-0.34135	0.82169	0.92596	0.999995	426	2	-0.34135
NUAK2	6	0.082186	0.21108	0.999767	89	3	-0.73528	0.51894	0.76776	0.999995	351	2	-0.73528
PRKX	6	0.083206	0.21286	0.999767	90	4	-0.36188	0.989	0.98944	0.999995	457	1	-0.36188
MAPK3	6	0.08709	0.22045	0.999767	91	3	-0.3221	0.73999	0.89766	0.999995	413	3	-0.3221
MAP2K2	6	0.088226	0.22286	0.999767	92	4	-0.30755	0.81472	0.92359	0.999995	425	2	-0.30755
DYRK2	6	0.089727	0.226	0.999767	93	4	-0.50273	0.83509	0.93051	0.999995	428	2	-0.50273
CAMK2B	6	0.091251	0.22903	0.999767	94	4	-0.34312	0.75209	0.90368	0.999995	415	2	-0.34312
RPS6KA5	12	0.092273	0.28845	0.999767	95	7	-0.172	0.65988	0.91248	0.999995	396	5	-0.172
PDK2	6	0.09592	0.23878	0.999767	96	4	-0.44625	0.46879	0.73839	0.999995	341	2	-0.44625
STK32B	6	0.097828	0.24255	0.999767	97	4	-0.27511	0.99052	0.99057	0.999995	458	1	-0.27511
STK32A	6	0.099122	0.24469	0.999767	98	2	0.24499	0.39004	0.66861	0.999995	315	4	0.24499
CDK5	6	0.09916	0.24475	0.999767	99	3	-0.2509	0.91886	0.96419	0.999995	443	2	-0.2509
KSR2	6	0.099567	0.24551	0.999767	100	3	-0.5172	0.70625	0.87858	0.999995	405	3	-0.5172
WNK2	6	0.10079	0.2478	0.999767	101	3	0.028708	0.030166	0.1194	0.752769	78	3	0.028708
PRKD1	6	0.10139	0.24895	0.999767	102	4	-0.29893	0.15225	0.38571	0.956518	195	2	-0.29893
INSR	6	0.10204	0.25026	0.999767	103	4	-0.56419	0.47035	0.73926	0.999995	343	2	-0.56419
TEX14	6	0.10303	0.25232	0.999767	104	4	-0.32347	0.26841	0.53642	0.999995	259	2	-0.32347
RPS6KL1	6	0.10535	0.25636	0.999767	105	4	-0.29047	0.80668	0.92061	0.999995	423	2	-0.29047
ULK2	6	0.10737	0.26039	0.999767	106	4	-0.35411	0.21682	0.47428	0.991793	233	2	-0.35411
MAP4K3	6	0.10873	0.26295	0.999767	107	4	-0.31133	0.64494	0.84221	0.999995	389	2	-0.31133
SRC	6	0.11111	0.26766	0.999767	108	2	0.42266	0.34043	0.61673	0.999995	288	3	0.42266
PDPK1	5	0.11182	0.2459	0.999767	109	3	-0.52603	0.63778	0.8227	0.999995	387	1	-0.52603
FLT4	6	0.11348	0.27231	0.999767	110	3	-0.20088	0.58216	0.80508	0.999995	370	2	-0.20088
SGK494	6	0.11433	0.27386	0.999767	111	2	0.21654	0.44238	0.7202	0.999995	334	4	0.21654
TRPM7	6	0.11498	0.27527	0.999767	112	4	-0.20876	0.23277	0.49387	0.991793	243	2	-0.20876
MAP4K1	6	0.11526	0.27589	0.999767	113	2	0.47872	0.10633	0.2953	0.944054	152	4	0.47872
NUAK1	6	0.11643	0.27795	0.999767	114	3	-0.56717	0.63602	0.83695	0.999995	386	3	-0.56717
MINK1	6	0.11704	0.27908	0.999767	115	2	-0.0097653	0.26537	0.53278	0.999995	257	1	-0.0097653
TAOK1	6	0.11818	0.28094	0.999767	116	3	-0.48392	0.59296	0.81163	0.999995	373	2	-0.48392
RYK	6	0.12059	0.28531	0.999767	117	2	0.61868	0.13362	0.34974	0.956505	177	3	0.61868
IRAK2	6	0.12236	0.2887	0.999767	118	1	1.9996	0.0015598	0.0080295	0.302651	13	5	1.9996
MAPK12	6	0.12252	0.28891	0.999767	119	4	-0.67524	0.69616	0.87263	0.999995	401	2	-0.67524
PAK2	6	0.12443	0.2924	0.999767	120	3	-0.82049	0.44978	0.72673	0.999995	336	2	-0.82049
CSNK2A1	5	0.12516	0.26558	0.999767	121	2	0.13954	0.055399	0.177	0.815012	108	2	0.13954
MAP3K14	6	0.12549	0.29426	0.999767	122	2	0.054935	0.40777	0.6862	0.999995	322	3	0.054935
NEK1	6	0.12624	0.29555	0.999767	123	3	-0.25475	0.78558	0.91382	0.999995	420	2	-0.25475
STK4	6	0.13765	0.31299	0.999767	124	3	0.54397	0.038077	0.14076	0.795832	86	3	0.54397
FES	6	0.13976	0.31576	0.999767	125	3	0.2359	0.32406	0.59939	0.999995	280	3	0.2359
MAP3K3	6	0.14664	0.32483	0.999767	126	2	0.27442	0.19733	0.45061	0.981302	223	3	0.27442
SGK2	6	0.14994	0.32869	0.999767	127	3	-0.061305	0.33255	0.6084	0.999995	285	3	-0.061305
STK31	6	0.15437	0.33444	0.999767	128	2	0.24271	0.61124	0.82238	0.999995	383	3	0.24271
MARK4	6	0.15884	0.34032	0.999767	129	2	0.19795	0.65717	0.84946	0.999995	395	3	0.19795
CSNK1G3	6	0.16044	0.34227	0.999767	130	3	-0.26284	0.53424	0.77699	0.999995	359	3	-0.26284
CDKL4	6	0.16077	0.34267	0.999767	131	2	0.45273	0.27838	0.5484	0.999995	263	4	0.45273
CDC42BPG	6	0.16146	0.34349	0.999767	132	3	-0.15809	0.2273	0.48738	0.991793	239	3	-0.15809
MOS	6	0.1658	0.34892	0.999767	133	2	1.2427	0.017494	0.075218	0.629052	59	4	1.2427
PRKY	5	0.16594	0.32678	0.999767	134	2	0.52974	0.36018	0.61253	0.999995	297	3	0.52974
RPS6KB2	6	0.16917	0.35281	0.999767	135	3	-0.099664	0.088226	0.25686	0.912041	137	3	-0.099664
PDGFRB	6	0.17021	0.35407	0.999767	136	3	-0.36834	0.65562	0.8486	0.999995	394	2	-0.36834
PAK6	6	0.17074	0.35458	0.999767	137	3	-0.060558	0.42538	0.70407	0.999995	331	3	-0.060558
NRK	6	0.1716	0.35556	0.999767	138	2	0.23683	0.11526	0.31407	0.947604	164	3	0.23683
SYK	6	0.18408	0.37062	0.999767	139	3	-0.24047	0.88145	0.94807	0.999995	434	1	-0.24047
DAPK1	6	0.18577	0.3726	0.999767	140	2	-0.041873	0.46489	0.73588	0.999995	340	2	-0.041873
ITK	6	0.18909	0.37687	0.999767	141	2	0.36121	0.080901	0.241	0.90304	129	4	0.36121
GCK	6	0.18994	0.37785	0.999767	142	3	-0.29588	0.77356	0.91016	0.999995	417	2	-0.29588
TBK1	6	0.19103	0.37914	0.999767	143	3	0.01698	0.37919	0.65742	0.999995	308	3	0.01698
TSSK3	6	0.19158	0.37981	0.999767	144	3	0.38691	0.17598	0.42406	0.976216	212	3	0.38691
MAPK15	6	0.19451	0.38305	0.999767	145	2	0.55628	0.32928	0.60497	0.999995	283	4	0.55628
CHEK2	6	0.19708	0.38604	0.999767	146	3	-0.25826	0.58499	0.80688	0.999995	372	3	-0.25826
MAP3K13	6	0.19752	0.38648	0.999767	147	2	0.00097854	0.65072	0.84558	0.999995	393	2	0.00097854
FGR	6	0.20657	0.39783	0.999767	148	3	-0.13294	0.72948	0.89179	0.999995	410	3	-0.13294
PRKACG	6	0.20811	0.39961	0.999767	149	3	0.42384	0.21192	0.46842	0.989339	232	3	0.42384
CLK3	6	0.21224	0.40432	0.999767	150	3	-0.24704	0.2028	0.45736	0.985426	227	2	-0.24704
CAMK1G	6	0.21422	0.40671	0.999767	151	2	0.12591	0.72275	0.88778	0.999995	408	3	0.12591
PDGFRA	6	0.21509	0.40772	0.999767	152	3	0.44077	0.147	0.37599	0.956518	188	3	0.44077
RIPK2	6	0.21805	0.41117	0.999767	153	2	0.46343	0.30726	0.58072	0.999995	273	4	0.46343
CSNK1G1	6	0.21882	0.41212	0.999767	154	3	-0.20204	0.037826	0.14004	0.795832	85	2	-0.20204
TRIB1	6	0.22142	0.41524	0.999767	155	3	-0.15357	0.88736	0.95037	0.999995	437	2	-0.15357
MELK	6	0.22164	0.41551	0.999767	156	3	0.040169	0.57416	0.80052	0.999995	367	3	0.040169
STK36	6	0.22258	0.41661	0.999767	157	3	-0.00054387	0.57218	0.79938	0.999995	365	3	-0.00054387
TRIB3	6	0.22316	0.41722	0.999767	158	3	-0.30946	0.73142	0.89296	0.999995	412	2	-0.30946
PHKG2	6	0.22344	0.41755	0.999767	159	2	0.16391	0.48815	0.74918	0.999995	348	3	0.16391
MAPK9	6	0.2249	0.41947	0.999767	160	3	0.14037	0.54763	0.785	0.999995	360	3	0.14037
EPHA6	6	0.22576	0.42051	0.999767	161	2	0.68966	0.078976	0.23693	0.90304	127	4	0.68966
CASK	6	0.2273	0.42239	0.999767	162	3	0.5815	0.075364	0.22826	0.894854	124	3	0.5815
TLK2	5	0.23062	0.41881	0.999767	163	1	0.75752	0.15766	0.36503	0.956505	200	4	0.75752
SCYL3	6	0.23118	0.42725	0.999767	164	3	-0.17704	0.87292	0.94473	0.999995	432	2	-0.17704
STK35	6	0.23273	0.42891	0.999767	165	2	0.44159	0.3055	0.57867	0.999995	271	4	0.44159
NEK7	6	0.23428	0.43083	0.999767	166	3	-0.029898	0.59509	0.81292	0.999995	375	3	-0.029898
ADCK1	6	0.23507	0.4318	0.999767	167	3	-0.010678	0.71613	0.8838	0.999995	407	3	-0.010678
MAP2K4	6	0.23962	0.43713	0.999767	168	3	-0.15317	0.24376	0.50679	0.997136	246	2	-0.15317
LATS2	6	0.23975	0.43729	0.999767	169	2	0.49358	0.23118	0.49211	0.991793	241	3	0.49358
RNASEL	6	0.2462	0.44486	0.999767	170	3	-0.084082	0.42709	0.70567	0.999995	332	3	-0.084082
DAPK2	6	0.2486	0.44767	0.999767	171	3	-0.2648	0.92325	0.96635	0.999995	444	2	-0.2648
NTRK2	6	0.25151	0.45115	0.999767	172	2	0.40854	0.082997	0.24511	0.90304	132	3	0.40854
FGFR2	6	0.25624	0.45683	0.999767	173	2	0.025511	0.9148	0.96221	0.999995	441	2	0.025511
FGFR3	6	0.25831	0.45928	0.999767	174	3	-0.21086	0.64541	0.84243	0.999995	390	3	-0.21086
CDK11A	6	0.25861	0.4597	0.999767	175	3	0.1707	0.1554	0.39143	0.958993	199	3	0.1707
BRSK1	6	0.26019	0.46143	0.999767	176	2	0.61607	0.094267	0.27015	0.934704	142	3	0.61607
GRK5	6	0.2705	0.47419	0.999767	177	3	-0.12202	0.86631	0.94182	0.999995	431	2	-0.12202
PKN1	6	0.27144	0.47523	0.999767	178	1	0.87142	0.11046	0.30397	0.944054	157	5	0.87142
PRKAA2	6	0.27185	0.47568	0.999767	179	3	0.11271	0.4488	0.72609	0.999995	335	3	0.11271
OBSCN	12	0.27795	0.57204	0.999767	180	5	-0.046837	0.79154	0.95839	0.999995	421	5	-0.046837
MAP3K10	6	0.2787	0.48387	0.999767	181	3	-0.19646	0.5722	0.79939	0.999995	366	2	-0.19646
ADCK2	6	0.28085	0.48606	0.999767	182	2	0.035104	0.28325	0.55376	0.999995	265	2	0.035104
STKLD1	6	0.28498	0.49081	0.999767	183	3	-0.044021	0.32853	0.60423	0.999995	282	3	-0.044021
MERTK	6	0.28794	0.49397	0.999767	184	1	0.80518	0.093687	0.26881	0.934704	140	5	0.80518
MAPK14	6	0.2909	0.49722	0.999767	185	2	0.20037	0.5503	0.7866	0.999995	361	3	0.20037
TLK1	6	0.29285	0.49933	0.999767	186	2	0.95566	0.12106	0.32533	0.947604	168	4	0.95566
NEK9	6	0.29526	0.50201	0.999767	187	2	0.52017	0.30785	0.58139	0.999995	274	4	0.52017
STK38L	6	0.29686	0.50398	0.999767	188	3	0.40338	0.075376	0.22828	0.894854	125	3	0.40338
STK25	6	0.29764	0.50489	0.999767	189	3	-0.062851	0.13815	0.3587	0.956505	181	3	-0.062851
CSNK1E	6	0.30007	0.50769	0.999767	190	3	-0.02001	0.095502	0.27278	0.934704	144	3	-0.02001
PSKH2	6	0.30339	0.51155	0.999767	191	3	-0.082876	0.79372	0.91628	0.999995	422	2	-0.082876
LTK	6	0.30409	0.51232	0.999767	192	2	0.49538	0.40426	0.68286	0.999995	320	4	0.49538
MAPK6	6	0.3065	0.51536	0.999767	193	2	0.14342	0.55363	0.78864	0.999995	362	3	0.14342
GRK6	6	0.30891	0.51835	0.999767	194	3	0.33683	0.23118	0.49211	0.991793	240	3	0.33683
PTK2B	6	0.31133	0.52107	0.999767	195	2	0.81157	0.11295	0.30908	0.944054	160	4	0.81157
CSNK1D	6	0.31137	0.5211	0.999767	196	2	0.17426	0.10602	0.29463	0.944054	151	3	0.17426
ADRBK2	6	0.31282	0.52276	0.999767	197	1	0.95837	0.11287	0.30897	0.944054	159	4	0.95837
FASTK	6	0.31426	0.52439	0.999767	198	1	0.35668	0.16046	0.40086	0.970457	202	5	0.35668
PRKAA1	6	0.31616	0.52657	0.999767	199	2	0.61713	0.16149	0.40268	0.970457	203	4	0.61713
WNK4	6	0.31938	0.5302	0.999767	200	2	0.23818	0.30409	0.57681	0.999995	270	4	0.23818
NEK8	6	0.31951	0.5303	0.999767	201	3	0.18851	0.40463	0.68321	0.999995	321	3	0.18851
KSR1	6	0.32019	0.53096	0.999767	202	2	0.39289	0.39713	0.6759	0.999995	316	4	0.39289
CAMK2A	6	0.32285	0.53374	0.999767	203	1	1.3006	0.017647	0.075743	0.629052	60	5	1.3006
FGFR1	6	0.32427	0.53542	0.999767	204	2	0.69398	0.13971	0.36159	0.956505	184	4	0.69398
PDK1	4	0.32561	0.47004	0.999767	205	2	0.13347	0.52588	0.71011	0.999995	354	2	0.13347
TTBK2	6	0.32569	0.53715	0.999767	206	1	0.722	0.082418	0.24409	0.90304	131	5	0.722
BRSK2	6	0.32664	0.53811	0.999767	207	2	0.2222	0.36176	0.63912	0.999995	300	3	0.2222
EPHA8	6	0.32745	0.53897	0.999767	208	3	-0.1686	0.90147	0.95663	0.999995	439	2	-0.1686
MKNK1	6	0.33148	0.5432	0.999767	209	2	1.049	0.038723	0.14228	0.795832	88	4	1.049
TEK	6	0.33276	0.54477	0.999767	210	2	0.22072	0.6627	0.8528	0.999995	398	3	0.22072
CAMKV	6	0.33416	0.54666	0.999767	211	2	0.62761	0.10283	0.28864	0.944054	149	3	0.62761
JAK3	12	0.3351	0.62919	0.999767	212	4	0.51325	0.093932	0.33263	0.947604	141	8	0.51325
CDK3	6	0.33714	0.54992	0.999767	213	3	0.03047	0.69392	0.87125	0.999995	400	3	0.03047
ROR2	6	0.33976	0.55263	0.999767	214	2	0.49302	0.26999	0.53852	0.999995	261	4	0.49302
OXSR1	6	0.34043	0.55336	0.999767	215	3	0.2605	0.38709	0.6656	0.999995	314	3	0.2605
GSG2	6	0.34115	0.55403	0.999767	216	2	0.60366	0.26331	0.53016	0.999995	255	4	0.60366
STYK1	6	0.34702	0.56	0.999767	217	3	-0.17108	0.3444	0.62089	0.999995	291	2	-0.17108
NLK	6	0.34809	0.56127	0.999767	218	1	0.96771	0.0044206	0.021414	0.437197	24	4	0.96771
SCYL1	6	0.35033	0.56387	0.999767	219	3	-0.15682	0.92609	0.96793	0.999995	445	2	-0.15682
CDK4	6	0.35086	0.56435	0.999767	220	2	0.71813	0.15093	0.38323	0.956518	193	4	0.71813
CDC42BPB	6	0.35166	0.56522	0.999767	221	3	-0.0067398	0.30848	0.58206	0.999995	275	3	-0.0067398
PRKCH	6	0.35221	0.56585	0.999767	222	2	0.17625	0.64728	0.84352	0.999995	391	3	0.17625
SBK2	6	0.35298	0.56659	0.999767	223	3	-0.25708	0.89503	0.95363	0.999995	438	2	-0.25708
MAP4K5	6	0.35359	0.56724	0.999767	224	2	0.6111	0.26814	0.53607	0.999995	258	4	0.6111
PRKCB	6	0.35696	0.57115	0.999767	225	3	-0.15989	0.59482	0.81278	0.999995	374	2	-0.15989
ACVRL1	6	0.35763	0.57186	0.999767	226	3	0.36104	0.25953	0.5259	0.999995	253	3	0.36104
TRIB2	6	0.36216	0.57706	0.999767	227	2	1.2325	0.062751	0.19982	0.855699	113	4	1.2325
PRKCD	6	0.36447	0.57943	0.999767	228	2	1.3878	0.0075619	0.03564	0.545737	34	4	1.3878
AKT2	6	0.36495	0.57988	0.999767	229	3	0.073938	0.8602	0.93948	0.999995	430	2	0.073938
PRKCE	6	0.36582	0.58093	0.999767	230	1	0.10034	0.010246	0.046617	0.56305	41	3	0.10034
PBK	6	0.36696	0.58233	0.999767	231	3	0.49221	0.20376	0.45852	0.985426	228	3	0.49221
CSNK1G2	6	0.36717	0.58259	0.999767	232	2	0.87957	0.070875	0.21837	0.886062	119	4	0.87957
AURKC	6	0.3678	0.58347	0.999767	233	2	0.5955	0.26386	0.53089	0.999995	256	4	0.5955
TRPM6	6	0.36896	0.58465	0.999767	234	3	-0.0090861	0.1724	0.41915	0.976216	209	3	-0.0090861
NTRK1	6	0.36986	0.58565	0.999767	235	2	-0.0040599	0.071676	0.22018	0.886062	121	2	-0.0040599
AMHR2	6	0.37387	0.59006	0.999767	236	2	1.0788	0.002953	0.014489	0.336957	19	4	1.0788
NTRK3	6	0.38632	0.5999	0.999767	237	2	0.64609	0.27996	0.55006	0.999995	264	4	0.64609
LIMK1	6	0.38709	0.60046	0.999767	238	1	0.24868	0.47345	0.74107	0.999995	345	3	0.24868
HUNK	6	0.39515	0.60563	0.999767	239	2	0.6298	0.3306	0.60621	0.999995	284	4	0.6298
SRPK3	6	0.40009	0.6088	0.999767	240	1	0.85129	0.026526	0.10799	0.710841	74	3	0.85129
DSTYK	6	0.40237	0.61019	0.999767	241	2	0.63542	0.19226	0.44447	0.981302	220	4	0.63542
EPHA2	6	0.40317	0.61064	0.999767	242	2	0.2507	0.60351	0.81787	0.999995	380	3	0.2507
TTN	6	0.40397	0.6111	0.999767	243	2	0.55354	0.27276	0.54178	0.999995	262	4	0.55354
DAPK3	6	0.40522	0.61188	0.999767	244	1	1.4221	0.0023721	0.011953	0.325378	18	5	1.4221
MAST1	6	0.40557	0.61209	0.999767	245	2	1.2067	0.091251	0.26341	0.928564	139	4	1.2067
BTK	6	0.41031	0.61519	0.999767	246	1	0.74284	0.25293	0.51767	0.999995	250	4	0.74284
ULK1	6	0.41158	0.61587	0.999767	247	1	0.78556	0.21693	0.4745	0.991793	234	4	0.78556
STK19	6	0.41285	0.61679	0.999767	248	2	-0.093204	0.46957	0.73887	0.999995	342	2	-0.093204
TYRO3	6	0.41663	0.61922	0.999767	249	2	0.99558	0.15097	0.38328	0.956518	194	4	0.99558
SIK3	6	0.41914	0.62078	0.999767	250	1	0.70278	0.071834	0.22061	0.886062	122	5	0.70278
TIE1	6	0.42164	0.62244	0.999767	251	2	1.3819	0.014121	0.061933	0.606942	51	4	1.3819
RPS6KA1	12	0.42368	0.71477	0.999767	252	5	0.45484	0.29052	0.6542	0.999995	268	7	0.45484
TAOK3	6	0.42414	0.62384	0.999767	253	1	1.3917	0.0082187	0.038255	0.56305	35	4	1.3917
MAP2K1	6	0.42868	0.62647	0.999767	254	2	0.18922	0.41273	0.69139	0.999995	324	4	0.18922
PHKG1	6	0.43027	0.62751	0.999767	255	2	0.40109	0.36629	0.6441	0.999995	303	3	0.40109
TNK1	6	0.43156	0.62851	0.999767	256	1	0.52834	0.33425	0.61039	0.999995	287	4	0.52834
DYRK4	6	0.43344	0.62964	0.999767	257	2	0.12323	0.56558	0.79549	0.999995	363	3	0.12323
CAMKK2	6	0.4374	0.63244	0.999767	258	2	0.86266	0.1296	0.3416	0.951056	175	4	0.86266
EIF2AK1	6	0.44056	0.63446	0.999767	259	2	0.52442	0.30903	0.58276	0.999995	276	4	0.52442
BCR	6	0.44371	0.63633	0.999767	260	2	0.46459	0.11348	0.31019	0.944054	163	4	0.46459
ZAP70	6	0.44923	0.64012	0.999767	261	2	0.64162	0.25837	0.52447	0.999995	252	4	0.64162
MAPK7	6	0.45812	0.64599	0.999767	262	2	0.24973	0.53088	0.77502	0.999995	357	3	0.24973
GRK4	6	0.45943	0.64685	0.999767	263	2	0.30321	0.38235	0.66079	0.999995	311	4	0.30321
EPHB6	6	0.46255	0.64895	0.999767	264	2	1.0157	0.042565	0.15217	0.795832	94	4	1.0157
STK16	6	0.4719	0.65561	0.999767	265	2	0.19352	0.60219	0.81706	0.999995	378	3	0.19352
DCLK1	6	0.47501	0.65753	0.999767	266	2	0.25233	0.52981	0.77429	0.999995	355	3	0.25233
MAP2K6	6	0.48135	0.66164	0.999767	267	2	-0.078831	0.70507	0.87791	0.999995	404	2	-0.078831
MOK	6	0.48352	0.66312	0.999767	268	2	0.66392	0.081088	0.24149	0.90304	130	3	0.66392
AAK1	6	0.49657	0.67161	0.999767	269	2	-0.14959	0.50039	0.75643	0.999995	349	2	-0.14959
NRBP2	6	0.49963	0.67382	0.999767	270	2	0.17042	0.71365	0.88251	0.999995	406	3	0.17042
KIT	6	0.50374	0.67663	0.999767	271	1	0.77722	0.18291	0.43289	0.981302	216	4	0.77722
PAK7	6	0.50496	0.67768	0.999767	272	2	0.83605	0.13847	0.35936	0.956505	182	4	0.83605
PRKD3	6	0.50922	0.68057	0.999767	273	1	1.3743	0.019847	0.083361	0.629646	62	5	1.3743
STK33	6	0.51631	0.6853	0.999767	274	2	0.71752	0.11643	0.3163	0.947604	165	4	0.71752
AK2	6	0.51707	0.68576	0.999767	275	2	0.41091	0.36398	0.64145	0.999995	301	4	0.41091
KIAA1804	6	0.51894	0.68691	0.999767	276	1	0.36795	0.36021	0.63753	0.999995	298	4	0.36795
NEK4	6	0.51933	0.68716	0.999767	277	2	0.20606	0.42073	0.69955	0.999995	327	3	0.20606
PRKCQ	6	0.52083	0.68826	0.999767	278	2	0.7453	0.19103	0.44293	0.981302	219	4	0.7453
Rosa26	1	0.5225	0.52247	0.999767	279	0	0.40483	0.4775	0.4776	0.991793	346	1	0.40483
TRIO	6	0.52308	0.68981	0.999767	280	2	0.79512	0.11862	0.3203	0.947604	166	4	0.79512
MATK	6	0.52383	0.69036	0.999767	281	2	0.9962	0.10008	0.28282	0.944054	146	4	0.9962
ERN1	6	0.5327	0.69628	0.999767	282	2	0.34584	0.24523	0.50874	0.997136	249	4	0.34584
EIF2AK2	6	0.53353	0.69697	0.999767	283	2	0.12814	0.043538	0.15433	0.79604	96	3	0.12814
MARK3	6	0.53724	0.6995	0.999767	284	2	0.66064	0.19676	0.4499	0.981302	222	4	0.66064
PNCK	6	0.53872	0.70052	0.999767	285	2	0.48311	0.36839	0.64636	0.999995	304	4	0.48311
CDKL2	6	0.53894	0.70067	0.999767	286	2	0.28065	0.14854	0.3788	0.956518	190	3	0.28065
NEK5	6	0.54535	0.70508	0.999767	287	2	0.35072	0.097313	0.27695	0.942405	145	3	0.35072
SPEG	12	0.54784	0.8006	0.999767	288	4	0.54564	0.13462	0.42635	0.976216	178	7	0.54564
MST1R	6	0.55559	0.71209	0.999767	289	2	0.23655	0.3988	0.67737	0.999995	317	3	0.23655
DCLK2	6	0.55724	0.71319	0.999767	290	2	0.696	0.16976	0.41596	0.976216	208	4	0.696
TNNI3K	6	0.56023	0.71514	0.999767	291	2	0.137	0.31137	0.58557	0.999995	277	3	0.137
CAMK2G	6	0.56122	0.71575	0.999767	292	1	0.92873	0.12436	0.33183	0.947604	171	5	0.92873
SLK	6	0.56212	0.71636	0.999767	293	2	0.19233	0.67303	0.85862	0.999995	399	3	0.19233
PRKG2	6	0.56501	0.71809	0.999767	294	2	0.27719	0.4719	0.74013	0.999995	344	3	0.27719
ICK	6	0.56517	0.71821	0.999767	295	1	1.6486	0.0085864	0.039781	0.56305	36	5	1.6486
PKN3	6	0.56573	0.71864	0.999767	296	2	0.076052	0.57105	0.79876	0.999995	364	3	0.076052
SGK3	6	0.56717	0.71978	0.999767	297	2	0.01136	0.19451	0.44712	0.981302	221	2	0.01136
STK38	6	0.57299	0.72397	0.999767	298	1	0.43629	0.24381	0.50686	0.997136	247	4	0.43629
TGFBR2	6	0.57686	0.72638	0.999767	299	1	0.89588	0.045511	0.1593	0.804699	98	5	0.89588
SGK1	6	0.58069	0.72886	0.999767	300	2	1.1092	0.10741	0.29755	0.944054	154	4	1.1092
MAP3K11	6	0.58358	0.73105	0.999767	301	2	-0.012836	0.82931	0.92854	0.999995	427	2	-0.012836
CHUK	6	0.5845	0.73172	0.999767	302	1	1.3239	0.02142	0.088979	0.629646	67	5	1.3239
MYLK4	6	0.58499	0.73204	0.999767	303	2	0.144	0.70153	0.8759	0.999995	403	3	0.144
ULK4	6	0.5864	0.73295	0.999767	304	2	0.24048	0.62083	0.82782	0.999995	385	3	0.24048
ACVR2A	6	0.58781	0.73399	0.999767	305	2	0.55245	0.085914	0.25162	0.906571	136	4	0.55245
MAK	6	0.58922	0.73507	0.999767	306	2	0.56823	0.22607	0.48583	0.991793	237	4	0.56823
ULK3	6	0.59482	0.73896	0.999767	307	2	0.11629	0.90492	0.95811	0.999995	440	2	0.11629
PIM2	6	0.59552	0.73945	0.999767	308	2	0.33698	0.37155	0.64977	0.999995	305	4	0.33698
YES1	6	0.59575	0.73961	0.999767	309	1	1.1913	0.031701	0.1239	0.76744	80	5	1.1913
VRK2	6	0.5976	0.74102	0.999767	310	1	0.55364	0.1281	0.33896	0.951056	172	5	0.55364
TESK1	6	0.59852	0.74174	0.999767	311	1	1.3547	0.041078	0.1483	0.795832	91	4	1.3547
RIPK1	6	0.59899	0.74205	0.999767	312	2	0.37915	0.10476	0.29215	0.944054	150	3	0.37915
TSSK1B	6	0.60128	0.74372	0.999767	313	2	1.2814	0.00059289	0.003294	0.22308	6	3	1.2814
RPS6KA4	12	0.6023	0.83437	0.999767	314	3	0.82209	0.088961	0.32036	0.947604	138	8	0.82209
CLK1	6	0.60402	0.74583	0.999767	315	1	0.93426	0.079777	0.23857	0.90304	128	5	0.93426
MAP3K5	6	0.60583	0.74699	0.999767	316	1	1.0221	0.10079	0.2841	0.944054	147	4	1.0221
PTK7	6	0.60866	0.74907	0.999767	317	2	0.12947	0.52458	0.77126	0.999995	353	3	0.12947
LRRK2	6	0.61071	0.7506	0.999767	318	2	0.202	0.16902	0.41512	0.976216	207	3	0.202
MAST3	6	0.61413	0.75324	0.999767	319	2	1.4156	0.054392	0.18116	0.821939	107	4	1.4156
TNK2	6	0.61549	0.75428	0.999767	320	2	0.52263	0.20657	0.46193	0.988415	229	3	0.52263
BMPR2	6	0.62013	0.75731	0.999767	321	1	0.16329	0.63958	0.83893	0.999995	388	3	0.16329
CDK6	6	0.62024	0.75739	0.999767	322	2	0.80816	0.21053	0.46672	0.989339	231	4	0.80816
ADCK5	6	0.62189	0.75863	0.999767	323	2	0.66937	0.17651	0.42484	0.976216	213	4	0.66937
TYK2	12	0.62593	0.84878	0.999767	324	3	0.97834	0.036815	0.17096	0.812644	83	8	0.97834
ROR1	6	0.62625	0.7612	0.999767	325	1	0.52359	0.19752	0.45074	0.981302	224	4	0.52359
LIMK2	6	0.62897	0.76311	0.999767	326	2	-0.11378	0.16436	0.40773	0.97458	205	2	-0.11378
KDR	6	0.62971	0.7637	0.999767	327	1	1.5922	0.0013374	0.0068704	0.280542	12	5	1.5922
SBK3	6	0.63228	0.76566	0.999767	328	1	0.08527	0.85763	0.93846	0.999995	429	2	0.08527
EPHA10	6	0.63363	0.7666	0.999767	329	2	0.41462	0.35959	0.63701	0.999995	295	4	0.41462
RPS6KA6	12	0.63724	0.85571	0.999767	330	3	0.9998	0.016379	0.08994	0.629646	56	9	0.9998
IRAK3	6	0.63824	0.77006	0.999767	331	2	0.78656	0.1778	0.42628	0.976216	214	4	0.78656
PIM1	6	0.63826	0.77009	0.999767	332	2	0.40882	0.34838	0.62493	0.999995	293	4	0.40882
NIM1K	6	0.6422	0.7731	0.999767	333	2	0.033493	0.59969	0.81557	0.999995	377	3	0.033493
BMP2K	6	0.64351	0.77401	0.999767	334	2	0.021968	0.96396	0.9781	0.999995	448	1	0.021968
BLK	6	0.64411	0.77446	0.999767	335	1	0.21604	0.25782	0.52386	0.999995	251	4	0.21604
DYRK1A	6	0.64482	0.77498	0.999767	336	2	0.80519	0.1907	0.44254	0.981302	218	4	0.80519
PRKCI	6	0.65196	0.78039	0.999767	337	2	0.37365	0.34406	0.62052	0.999995	290	4	0.37365
CAMK1D	6	0.65325	0.78121	0.999767	338	2	0.76738	0.13222	0.3471	0.956505	176	4	0.76738
ERBB3	6	0.65583	0.78298	0.999767	339	2	0.93481	0.032493	0.12591	0.76744	81	4	0.93481
NEK11	6	0.65967	0.78554	0.999767	340	2	0.66443	0.010792	0.048677	0.56305	43	4	0.66443
SRMS	6	0.66094	0.78663	0.999767	341	2	1.2186	0.094661	0.27101	0.934704	143	4	1.2186
IGF1R	6	0.66285	0.78808	0.999767	342	1	1.6632	0.014996	0.06545	0.60774	53	4	1.6632
MAST4	6	0.67042	0.79369	0.999767	343	2	0.87645	0.19023	0.44206	0.981302	217	4	0.87645
FLT3	6	0.67417	0.79668	0.999767	344	2	0.74231	0.14124	0.36474	0.956505	186	4	0.74231
MAST2	6	0.67603	0.79797	0.999767	345	2	0.15329	0.53223	0.77585	0.999995	358	3	0.15329
NEK6	6	0.67728	0.79897	0.999767	346	2	0.37441	0.22164	0.4803	0.991793	236	3	0.37441
GUCY2F	6	0.67789	0.79948	0.999767	347	2	0.20385	0.584	0.80618	0.999995	371	3	0.20385
STK32C	6	0.67913	0.80042	0.999767	348	2	0.38731	0.45766	0.73158	0.999995	337	3	0.38731
MAP3K1	6	0.68037	0.80133	0.999767	349	2	0.29868	0.10991	0.3029	0.944054	156	4	0.29868
MYO3A	6	0.68152	0.80218	0.999767	350	1	0.80285	0.068688	0.21318	0.886062	117	5	0.80285
PSKH1	6	0.68405	0.80407	0.999767	351	2	0.56593	0.31433	0.58879	0.999995	279	4	0.56593
CDK20	6	0.6865	0.80598	0.999767	352	2	0.22529	0.28965	0.56054	0.999995	267	3	0.22529
ZAK	6	0.69135	0.80991	0.999767	353	2	0.42408	0.32757	0.60327	0.999995	281	4	0.42408
VRK3	6	0.69616	0.81371	0.999767	354	2	0.98895	0.064579	0.20363	0.860165	116	4	0.98895
GUCY2D	6	0.69736	0.81482	0.999767	355	2	0.33687	0.28942	0.56019	0.999995	266	4	0.33687
NEK10	6	0.69932	0.81639	0.999767	356	1	0.66043	0.050567	0.17211	0.812644	102	4	0.66043
MAP2K7	6	0.70149	0.81824	0.999767	357	1	0.093983	0.37653	0.65456	0.999995	307	3	0.093983
CDKL3	6	0.70153	0.81827	0.999767	358	2	1.1684	0.036995	0.13802	0.795832	84	4	1.1684
MAP3K6	6	0.7033	0.81962	0.999767	359	2	0.36059	0.35696	0.63408	0.999995	294	3	0.36059
PRKG1	6	0.70389	0.82005	0.999767	360	2	0.90688	0.13597	0.35433	0.956505	179	4	0.90688
SIK2	6	0.70436	0.82022	0.999767	361	1	1.1458	0.019502	0.081974	0.629646	61	5	1.1458
ALK	6	0.71073	0.82209	0.999767	362	1	0.79821	0.069524	0.21516	0.886062	118	5	0.79821
EPHA5	6	0.71835	0.82424	0.999767	363	1	1.1193	0.021658	0.08992	0.629646	69	4	1.1193
MAPK11	6	0.72447	0.82626	0.999767	364	1	1.0472	0.050795	0.17258	0.812644	104	5	1.0472
MAPK10	6	0.72782	0.82726	0.999767	365	1	0.6854	0.020519	0.08566	0.629646	65	5	0.6854
PRKCA	6	0.73047	0.82816	0.999767	366	1	0.47931	0.10648	0.29561	0.944054	153	5	0.47931
PAK4	6	0.74215	0.83181	0.999767	367	1	0.94666	0.050642	0.17227	0.812644	103	5	0.94666
UHMK1	6	0.74469	0.83249	0.999767	368	1	1.1204	0.04733	0.16395	0.810024	99	5	1.1204
STK17A	6	0.74595	0.83292	0.999767	369	1	0.2909	0.16652	0.4117	0.976216	206	3	0.2909
EPHA1	6	0.74846	0.83387	0.999767	370	1	0.70651	0.14572	0.37354	0.956518	187	5	0.70651
AK3	6	0.74908	0.83401	0.999767	371	1	0.59422	0.2694	0.53775	0.999995	260	4	0.59422
PRKACB	6	0.75094	0.83467	0.999767	372	1	0.55276	0.078436	0.2356	0.90304	126	5	0.55276
HCK	6	0.75464	0.83597	0.999767	373	1	0.79715	0.012744	0.056643	0.590059	46	5	0.79715
RPS6KA3	12	0.75981	0.91221	0.999767	374	3	0.06294	0.34568	0.70971	0.999995	292	5	0.06294
CDK16	6	0.76068	0.83792	0.999767	375	1	1.1039	0.038576	0.1419	0.795832	87	5	1.1039
PRKD2	6	0.76719	0.84025	0.999767	376	1	0.85428	0.23251	0.49358	0.991793	242	4	0.85428
MAPKAPK2	6	0.7701	0.84125	0.999767	377	1	0.84221	0.06332	0.20083	0.855699	115	5	0.84221
MKNK2	6	0.77298	0.84217	0.999767	378	1	0.8729	0.18189	0.43168	0.981302	215	4	0.8729
PDK4	6	0.78033	0.845	0.999767	379	1	0.96605	0.12069	0.32459	0.947604	167	5	0.96605
RIOK3	6	0.78964	0.84862	0.999767	380	1	0.97912	0.06249	0.19923	0.855699	112	5	0.97912
GSK3A	6	0.79018	0.84878	0.999767	381	1	0.63344	0.11296	0.30909	0.944054	161	5	0.63344
FLT1	6	0.79178	0.84939	0.999767	382	1	0.68224	0.15375	0.38846	0.956518	198	5	0.68224
WNK3	6	0.79653	0.85109	0.999767	383	1	0.49149	0.20875	0.46458	0.989339	230	4	0.49149
CDK10	6	0.79758	0.85147	0.999767	384	1	0.19187	0.41207	0.69064	0.999995	323	4	0.19187
PDK3	6	0.81609	0.85927	0.999767	385	1	1.0611	0.015077	0.065816	0.60774	54	5	1.0611
ROS1	6	0.82132	0.86179	0.999767	386	1	0.82992	0.1742	0.42157	0.976216	210	4	0.82992
FGFR4	6	0.82412	0.86314	0.999767	387	1	0.49211	0.37633	0.65441	0.999995	306	4	0.49211
LYN	6	0.83494	0.86807	0.999767	388	1	0.96901	0.1235	0.33009	0.947604	170	4	0.96901
TTBK1	6	0.83538	0.86827	0.999767	389	1	0.78894	0.12914	0.34069	0.951056	173	5	0.78894
JAK1	12	0.83573	0.94197	0.999767	390	3	0.25528	0.063141	0.25457	0.910513	114	6	0.25528
ANKK1	6	0.83669	0.86886	0.999767	391	1	1.77	0.0061084	0.02922	0.498745	28	5	1.77
POMK	4	0.83856	0.83885	0.999767	392	0	0.12307	0.17451	0.36182	0.956505	211	2	0.12307
CDK17	6	0.84185	0.87134	0.999767	393	1	0.37807	0.14989	0.38124	0.956518	192	5	0.37807
DMPK	6	0.84227	0.87156	0.999767	394	1	0.96251	0.060049	0.1938	0.847889	111	5	0.96251
CAMK1	6	0.84269	0.87169	0.999767	395	1	0.61085	0.31174	0.58597	0.999995	278	4	0.61085
STK26	6	0.84354	0.87215	0.999767	396	1	0.86303	0.045427	0.15912	0.804699	97	3	0.86303
ABL2	6	0.84769	0.87427	0.999767	397	1	0.43078	0.0088372	0.040762	0.56305	37	4	0.43078
HIPK3	5	0.84796	0.85425	0.999767	398	1	0.68073	0.083311	0.2319	0.901815	133	4	0.68073
EPHA7	6	0.86075	0.88151	0.999767	399	1	1.2578	0.042377	0.15169	0.795832	92	5	1.2578
MAP3K4	6	0.8634	0.88289	0.999767	400	1	1.3108	0.021666	0.089949	0.629646	70	5	1.3108
EPHB3	6	0.86674	0.88497	0.999767	401	1	1.2147	0.042809	0.15267	0.795832	95	5	1.2147
EEF2K	6	0.86748	0.88539	0.999767	402	1	0.4985	0.006879	0.032638	0.521375	32	3	0.4985
FRK	6	0.87038	0.88714	0.999767	403	1	0.81099	0.14053	0.3633	0.956505	185	5	0.81099
TSSK2	6	0.87145	0.88769	0.999767	404	1	0.39625	0.15336	0.38774	0.956518	196	5	0.39625
MAPKAPK3	6	0.87181	0.88794	0.999767	405	1	0.79626	0.032842	0.12686	0.76744	82	5	0.79626
DCLK3	6	0.87216	0.88816	0.999767	406	1	0.087195	0.64826	0.84399	0.999995	392	3	0.087195
PRKCG	6	0.87358	0.88909	0.999767	407	1	0.17915	0.61482	0.82454	0.999995	384	3	0.17915
EPHA4	6	0.8774	0.89111	0.999767	408	1	0.56219	0.22642	0.48628	0.991793	238	4	0.56219
TNIK	6	0.8791	0.89209	0.999767	409	1	0.43848	0.14734	0.37668	0.956518	189	4	0.43848
TBCK	6	0.87944	0.89225	0.999767	410	1	1.3551	0.051381	0.17414	0.812644	105	5	1.3551
ARAF	6	0.88442	0.89525	0.999767	411	1	1.2119	0.025149	0.10254	0.68829	73	5	1.2119
CDK14	6	0.88507	0.89566	0.999767	412	1	0.23624	0.34115	0.61727	0.999995	289	3	0.23624
EIF2AK3	6	0.88828	0.89794	0.999767	413	1	0.80748	0.058657	0.19063	0.84232	110	5	0.80748
STK17B	6	0.8886	0.89813	0.999767	414	1	1.3516	0.013048	0.057802	0.590059	49	5	1.3516
AKT3	6	0.89204	0.90039	0.999767	415	1	1.1273	0.055955	0.18495	0.831411	109	5	1.1273
SCYL2	6	0.89235	0.9006	0.999767	416	1	1.0763	0.009075	0.041762	0.56305	38	5	1.0763
CDKL1	6	0.89599	0.9029	0.999767	417	1	0.47335	0.30558	0.57874	0.999995	272	4	0.47335
MAP3K9	6	0.89865	0.90506	0.999767	418	1	0.67816	0.29441	0.5657	0.999995	269	4	0.67816
RIPK4	6	0.89981	0.90609	0.999767	419	1	0.62529	0.23783	0.50009	0.996122	245	3	0.62529
LRRK1	6	0.90182	0.90757	0.999767	420	1	2.0975	3.9457e-05	0.00024272	0.118932	1	5	2.0975
STK24	6	0.90766	0.91166	0.999767	421	1	0.1729	0.69627	0.87275	0.999995	402	3	0.1729
KALRN	5	0.90978	0.90971	0.999767	422	0	0.3601	0.13862	0.33233	0.947604	183	3	0.3601
IRAK4	6	0.91086	0.91408	0.999767	423	1	1.7938	0.00092821	0.0048692	0.22308	11	5	1.7938
STK39	6	0.91112	0.91426	0.999767	424	1	1.0777	0.040778	0.14757	0.795832	90	4	1.0777
AKT1	6	0.91422	0.91649	0.999767	425	1	0.70135	0.11327	0.30978	0.944054	162	5	0.70135
MAPK1	6	0.91967	0.92097	0.999767	426	1	0.31349	0.43722	0.71545	0.999995	333	3	0.31349
LMTK3	6	0.92087	0.92201	0.999767	427	1	1.3826	0.010505	0.047617	0.56305	42	5	1.3826
RET	6	0.92819	0.92834	0.999767	428	1	1.0269	0.0049176	0.023623	0.447629	25	5	1.0269
AATK	6	0.92906	0.92925	0.999767	429	1	0.35311	0.052995	0.17797	0.815012	106	3	0.35311
EPHB1	6	0.931	0.93132	0.999767	430	1	1.1599	0.042552	0.15216	0.795832	93	5	1.1599
DDR1	6	0.93247	0.93294	0.999767	431	1	0.31148	0.36461	0.64209	0.999995	302	4	0.31148
MAP3K2	6	0.93473	0.93525	0.999767	432	0	0.9907	0.028243	0.11393	0.734575	76	5	0.9907
ACVR1C	6	0.93554	0.936	0.999767	433	0	0.38473	0.38427	0.66287	0.999995	312	4	0.38473
MAPK8	6	0.93713	0.93736	0.999767	434	0	1.5035	0.0069504	0.032985	0.521375	33	4	1.5035
MAP3K8	6	0.94021	0.94058	0.999767	435	0	0.70074	0.12941	0.34132	0.951056	174	4	0.70074
MAP2K5	6	0.94077	0.94127	0.999767	436	0	0.47126	0.41887	0.69758	0.999995	325	4	0.47126
PAK3	6	0.9417	0.9422	0.999767	437	0	1.2454	0.016253	0.070294	0.621061	55	5	1.2454
DYRK3	6	0.94262	0.94305	0.999767	438	0	0.42405	0.57506	0.80107	0.999995	368	3	0.42405
HIPK2	6	0.94298	0.94349	0.999767	439	0	0.36201	0.0061728	0.029518	0.498745	29	3	0.36201
MAPKAPK5	6	0.94388	0.9444	0.999767	440	0	1.3706	0.011816	0.052739	0.587323	45	5	1.3706
MYLK2	6	0.94512	0.94551	0.999767	441	0	1.0972	0.13768	0.35777	0.956505	180	4	1.0972
CONTROL	50	0.9459	0.99785	0.999767	442	9	0.76136	0.0065018	0.066975	0.60774	30	36	0.76136
BRAF	6	0.94854	0.94891	0.999767	443	0	0.8053	0.3331	0.60906	0.999995	286	4	0.8053
FER	6	0.94953	0.94993	0.999767	444	0	0.72951	0.14874	0.37912	0.956518	191	4	0.72951
CSNK2A2	6	0.95114	0.95153	0.999767	445	0	0.29141	0.15926	0.39879	0.970457	201	5	0.29141
JAK2	12	0.9539	0.98084	0.999767	446	1	0.94686	0.0067922	0.04416	0.56305	31	9	0.94686
HIPK1	6	0.95424	0.95419	0.999767	447	0	0.76635	0.074378	0.2263	0.894854	123	5	0.76635
ERBB4	6	0.9583	0.95794	0.999767	448	0	0.79093	0.047506	0.1644	0.810024	100	5	0.79093
CAMK4	6	0.96089	0.96057	0.999767	449	0	1.2259	0.071151	0.21897	0.886062	120	5	1.2259
MARK1	6	0.96141	0.96113	0.999767	450	0	1.21	0.030347	0.11983	0.752769	79	5	1.21
CLK4	6	0.96167	0.96132	0.999767	451	0	1.0154	0.047858	0.16531	0.810024	101	5	1.0154
CAMK2D	6	0.96232	0.96206	0.999767	452	0	0.9863	0.085204	0.2502	0.906571	135	5	0.9863
MAP2K3	6	0.96553	0.96535	0.999767	453	0	0.71779	0.10891	0.30077	0.944054	155	5	0.71779
ROCK2	6	0.96577	0.96564	0.999767	454	0	1.2587	0.026764	0.1088	0.710841	75	5	1.2587
MYLK3	6	0.96907	0.96891	0.999767	455	0	1.6928	0.0093185	0.042813	0.56305	39	5	1.6928
TSSK4	6	0.96982	0.96956	0.999767	456	0	1.1117	0.038866	0.14264	0.795832	89	5	1.1117
RAF1	6	0.97014	0.96999	0.999767	457	0	0.87801	0.023809	0.097687	0.664813	72	5	0.87801
LATS1	6	0.97066	0.97045	0.999767	458	0	0.88124	0.12302	0.32923	0.947604	169	5	0.88124
STRADA	6	0.97077	0.97062	0.999767	459	0	1.0822	0.020874	0.086819	0.629646	66	5	1.0822
PRKCZ	6	0.97189	0.97172	0.999767	460	0	1.7252	0.0099547	0.045517	0.56305	40	6	1.7252
ADCK4	6	0.9779	0.97781	0.999767	461	0	1.043	0.022097	0.091683	0.632743	71	6	1.043
AXL	6	0.97855	0.97838	0.999767	462	0	0.46125	0.021447	0.089117	0.629646	68	6	0.46125
TEC	6	0.97965	0.97959	0.999767	463	0	0.75444	0.020349	0.085016	0.629646	64	6	0.75444
TESK2	6	0.97988	0.9798	0.999767	464	0	0.8236	0.020119	0.084223	0.629646	63	6	0.8236
ACVR1B	6	0.9815	0.98139	0.999767	465	0	1.5049	0.0021182	0.010685	0.325378	15	6	1.5049
CDKL5	6	0.98171	0.98153	0.999767	466	0	0.9417	0.016405	0.070998	0.621061	57	6	0.9417
ACVR1	6	0.98327	0.98322	0.999767	467	0	0.70338	0.016734	0.072246	0.621061	58	6	0.70338
IRAK1	6	0.98397	0.9839	0.999767	468	0	1.7736	0.0023132	0.011695	0.325378	17	6	1.7736
WEE2	6	0.98465	0.98471	0.999767	469	0	1.2473	0.010952	0.049411	0.56305	44	6	1.2473
PAK1	6	0.98548	0.98559	0.999767	470	0	0.73957	0.01452	0.063468	0.60774	52	6	0.73957
MET	6	0.98599	0.98617	0.999767	471	0	0.74386	0.014006	0.061418	0.606942	50	6	0.74386
EPHB2	6	0.98703	0.9872	0.999767	472	0	1.1546	0.012971	0.057415	0.590059	48	6	1.1546
HIPK4	6	0.98719	0.98736	0.999767	473	0	1.1207	0.012813	0.056821	0.590059	47	6	1.1207
PKN2	6	0.98739	0.98757	0.999767	474	0	2.0069	0.0020587	0.010457	0.325378	14	6	2.0069
MAP4K4	6	0.99237	0.99233	0.999767	475	0	1.4456	0.0031085	0.015172	0.336957	21	6	1.4456
RPS6KA2	12	0.99351	0.99399	0.999767	476	1	1.0507	0.00055585	0.0050079	0.22308	5	11	1.0507
EIF2AK4	12	0.99385	0.99423	0.999767	477	1	1.1	0.029719	0.14431	0.795832	77	9	1.1
MLKL	6	0.99448	0.99413	0.999767	478	0	1.8445	0.0003239	0.0017486	0.22308	3	6	1.8445
MYO3B	6	0.99479	0.99444	0.999767	479	0	0.94542	0.0052122	0.025099	0.455502	27	6	0.94542
STK3	6	0.99503	0.99481	0.999767	480	0	1.3411	0.0049703	0.023752	0.447629	26	6	1.3411
FYN	6	0.99675	0.99651	0.999767	481	0	0.74973	0.0032493	0.015816	0.336957	23	6	0.74973
LCK	6	0.9968	0.99653	0.999767	482	0	1.2007	0.0031997	0.015559	0.336957	22	6	1.2007
ERBB2	6	0.99691	0.99671	0.999767	483	0	1.2833	0.0030864	0.015093	0.336957	20	6	1.2833
CDC42BPA	6	0.99782	0.99772	0.999767	484	0	1.3109	0.0021847	0.011051	0.325378	16	6	1.3109
NEK3	6	0.99911	0.9991	0.999767	485	0	1.2303	0.00088671	0.0046711	0.22308	10	6	1.2303
ROCK1	6	0.99913	0.99912	0.999767	486	0	1.5012	0.00086993	0.0046513	0.22308	9	6	1.5012
LMTK2	6	0.99922	0.99922	0.999767	487	0	1.187	0.00077975	0.0042649	0.22308	8	6	1.187
GSK3B	6	0.99925	0.99927	0.999767	488	0	1.6169	0.00075476	0.004146	0.22308	7	6	1.6169
SIK1	6	0.99943	0.99946	0.999767	489	0	1.8055	0.00048822	0.0027095	0.22308	4	6	1.8055
STK11	6	0.99977	0.99977	0.999767	490	0	2.0831	0.00022823	0.0012433	0.22308	2	6	2.0831
