id	num	neg|score	neg|p-value	neg|fdr	neg|rank	neg|goodsgrna	neg|lfc	pos|score	pos|p-value	pos|fdr	pos|rank	pos|goodsgrna	pos|lfc
CDK9	10	1.3883e-09	4.9534e-06	0.000202	1	9	-2.0537	0.888	0.95456	0.999995	405	1	-2.0537
ATR	6	4.2476e-09	4.9534e-06	0.000202	2	6	-3.6034	1.0	1.0	0.999995	490	0	-3.6034
MTOR	6	5.1215e-08	4.9534e-06	0.000202	3	6	-2.9743	1.0	1.0	0.999995	489	0	-2.9743
CHEK1	6	2.178e-07	4.9534e-06	0.000202	4	6	-5.3053	1.0	0.99999	0.999995	482	0	-5.3053
EGFR	6	3.4155e-07	4.9534e-06	0.000202	5	6	-2.5547	1.0	1.0	0.999995	488	0	-2.5547
BUB1B	6	4.4027e-07	4.9534e-06	0.000202	6	6	-2.756	1.0	1.0	0.999995	487	0	-2.756
CDC7	6	4.7696e-07	4.9534e-06	0.000202	7	6	-2.4494	1.0	1.0	0.999995	484	0	-2.4494
PRPF4B	6	5.0344e-07	4.9534e-06	0.000202	8	6	-2.5144	1.0	1.0	0.999995	486	0	-2.5144
CDK1	5	9.3106e-07	4.9534e-06	0.000202	9	4	-3.7449	0.90463	0.90551	0.999995	410	1	-3.7449
PKMYT1	6	1.1048e-06	4.9534e-06	0.000202	10	6	-5.8326	1.0	1.0	0.999995	485	0	-5.8326
CDK7	6	2.1291e-06	4.9534e-06	0.000202	11	6	-3.9408	0.99999	0.99999	0.999995	481	0	-3.9408
WEE1	6	2.3377e-06	4.9534e-06	0.000202	12	6	-2.9668	0.99963	0.99962	0.999995	469	0	-2.9668
MASTL	12	2.9869e-06	5.4488e-05	0.001483	13	7	-1.2507	0.81263	0.94053	0.999995	382	2	-1.2507
RPL9	4	3.4828e-06	1.486e-05	0.00056	14	4	-6.2605	1.0	1.0	0.999995	483	0	-6.2605
RIOK2	6	7.2054e-06	3.4674e-05	0.001133	15	6	-1.882	0.99906	0.99903	0.999995	464	0	-1.882
AURKB	6	7.5658e-06	3.4674e-05	0.001133	16	6	-2.7563	0.99996	0.99997	0.999995	477	0	-2.7563
POLR2A	8	8.4521e-06	4.4581e-05	0.001285	17	8	-2.3575	0.99992	0.99993	0.999995	475	0	-2.3575
CDK13	6	8.9361e-06	4.4581e-05	0.001285	18	6	-1.5384	0.99999	0.99999	0.999995	480	0	-1.5384
RIOK1	6	1.1498e-05	6.4395e-05	0.001661	19	5	-2.6342	0.88179	0.9055	0.999995	401	1	-2.6342
GAK	6	1.3988e-05	8.4208e-05	0.002063	20	6	-2.5538	0.99999	0.99998	0.999995	479	0	-2.5538
GSG2	6	1.8379e-05	0.00012384	0.00289	21	6	-1.5284	0.99998	0.99998	0.999995	478	0	-1.5284
CSNK1A1	6	2.37e-05	0.00014365	0.003199	22	5	-3.3625	0.16564	0.36666	0.916646	197	1	-3.3625
PRKDC	6	2.9682e-05	0.00020309	0.004327	23	5	-2.3935	0.99682	0.99656	0.999995	461	0	-2.3935
TTK	6	4.2438e-05	0.00025263	0.005158	24	4	-1.7882	0.5826	0.74596	0.999995	328	1	-1.7882
ATM	6	6.1947e-05	0.00031207	0.006117	25	6	-0.96071	0.99994	0.99996	0.999995	476	0	-0.96071
TRRAP	6	7.1915e-05	0.00041114	0.007195	26	6	-1.8686	0.9999	0.99991	0.999995	473	0	-1.8686
GSK3B	6	7.3019e-05	0.00041114	0.007195	27	6	-1.7221	0.99969	0.9997	0.999995	470	0	-1.7221
VRK1	6	8.9925e-05	0.00045076	0.007509	28	5	-1.7868	0.99658	0.99639	0.999995	460	0	-1.7868
BUB1	6	9.3978e-05	0.00049039	0.007509	29	4	-1.9796	0.87636	0.90323	0.999995	399	1	-1.9796
PLK1	6	9.4364e-05	0.00049039	0.007509	30	6	-1.987	0.99991	0.99991	0.999995	474	0	-1.987
RPS6KB1	6	9.5283e-05	0.00049039	0.007509	31	5	-1.173	0.60493	0.75961	0.999995	332	1	-1.173
PCNA	4	9.6157e-05	0.00039132	0.007195	32	3	-2.2884	0.46076	0.61022	0.999995	306	1	-2.2884
ERBB3	6	0.00011422	0.00059937	0.0089	33	6	-0.7423	0.99989	0.99988	0.999995	472	0	-0.7423
SMG1	6	0.00011632	0.0006489	0.009085	34	6	-2.0801	0.99922	0.99921	0.999995	467	0	-2.0801
RPA3	4	0.00015473	0.00062909	0.009066	35	4	-2.4026	0.99985	0.99986	0.999995	471	0	-2.4026
HIPK3	5	0.00042052	0.0017981	0.024474	36	5	-1.1462	0.99931	0.99939	0.999995	468	0	-1.1462
PTK2	6	0.00044243	0.0025015	0.033128	37	5	-1.3443	0.66523	0.79684	0.999995	351	1	-1.3443
MAP2K7	6	0.00081589	0.0044135	0.056911	38	6	-0.55616	0.99918	0.99917	0.999995	466	0	-0.55616
MAPK1	6	0.00092109	0.0048197	0.059041	39	6	-0.45663	0.99908	0.99905	0.999995	465	0	-0.45663
WNK1	6	0.00096865	0.0051367	0.059438	40	6	-1.0199	0.99903	0.99901	0.999995	463	0	-1.0199
PIK3R4	6	0.00097702	0.0051565	0.059438	41	4	-1.2934	0.70093	0.82113	0.999995	358	2	-1.2934
STK11	6	0.00099336	0.005216	0.059438	42	6	-0.92202	0.9978	0.99771	0.999995	462	0	-0.92202
ERBB2	6	0.0010568	0.0054835	0.061066	43	5	-0.73482	0.035916	0.12167	0.797007	70	1	-0.73482
AURKA	5	0.0011213	0.0048197	0.059041	44	4	-1.6409	0.66396	0.78699	0.999995	349	1	-1.6409
ILK	6	0.0013048	0.0067713	0.07213	45	5	-0.79343	0.97815	0.97801	0.999995	447	0	-0.79343
RPL23A	3	0.0020611	0.0056222	0.061219	46	2	-3.1249	0.42551	0.52934	0.999995	291	1	-3.1249
PHKG2	6	0.0022303	0.011259	0.117383	47	5	-0.70754	0.82226	0.88179	0.999995	385	1	-0.70754
CDK12	6	0.0026926	0.012914	0.131826	48	4	-1.2916	0.55423	0.72978	0.999995	325	2	-1.2916
PLK4	6	0.0031963	0.014776	0.147761	49	4	-1.2861	0.64612	0.78491	0.999995	343	2	-1.2861
PKN2	6	0.0033482	0.01542	0.151117	50	5	-0.70896	0.96982	0.96956	0.999995	442	0	-0.70896
NRBP1	6	0.0035032	0.016014	0.153864	51	4	-0.36358	0.99257	0.99239	0.999995	458	0	-0.36358
DYRK1A	6	0.0059274	0.025337	0.236719	52	5	-0.78837	0.96565	0.9655	0.999995	437	0	-0.78837
NEK2	6	0.005977	0.025604	0.236719	53	4	-0.89835	0.60797	0.76149	0.999995	333	2	-0.89835
CDK2	6	0.006351	0.026942	0.244471	54	4	-1.2067	0.65903	0.79285	0.999995	346	2	-1.2067
CIT	6	0.0072495	0.030379	0.270653	55	5	-0.28367	0.85961	0.89594	0.999995	391	1	-0.28367
AK2	6	0.0080564	0.033054	0.288124	56	5	-0.47578	0.99655	0.99637	0.999995	459	0	-0.47578
MAST2	6	0.008325	0.033847	0.288124	57	5	-0.35437	0.70149	0.82152	0.999995	359	1	-0.35437
TBCK	6	0.0084123	0.034104	0.288124	58	4	-0.544	0.92063	0.92682	0.999995	415	1	-0.544
TRPM7	6	0.008708	0.035125	0.291715	59	4	-0.81592	0.38971	0.60924	0.999995	276	1	-0.81592
CDK11B	6	0.0093632	0.037611	0.30716	60	5	-1.0244	0.38447	0.604	0.999995	273	1	-1.0244
NEK1	6	0.010511	0.041445	0.332922	61	5	-0.37725	0.99137	0.99125	0.999995	457	0	-0.37725
ACVR1B	6	0.011063	0.043268	0.341959	62	4	-0.56729	0.2968	0.51387	0.999995	245	1	-0.56729
CDC42BPG	6	0.011406	0.044249	0.342423	63	5	-0.4356	0.72447	0.83747	0.999995	366	1	-0.4356
KSR1	6	0.011522	0.044725	0.342423	64	5	-0.39649	0.96445	0.96434	0.999995	436	0	-0.39649
MAPK14	6	0.01289	0.049569	0.368013	65	4	-0.54193	0.32853	0.54739	0.999995	256	1	-0.54193
IGF1R	6	0.016234	0.060685	0.443812	66	4	-0.76005	0.6416	0.78199	0.999995	342	1	-0.76005
MYLK2	6	0.017022	0.063429	0.45706	67	5	-0.43049	0.5285	0.7145	0.999995	318	1	-0.43049
RPS6KL1	6	0.017417	0.064756	0.459864	68	5	-0.41918	0.76778	0.86556	0.999995	379	1	-0.41918
NPR1	6	0.018728	0.068452	0.472412	69	5	-0.29829	0.96296	0.96269	0.999995	435	0	-0.29829
DYRK2	6	0.019238	0.069918	0.475829	70	5	-0.35161	0.99084	0.99083	0.999995	455	0	-0.35161
MAPK8	6	0.02047	0.073722	0.494846	71	5	-0.59894	0.98877	0.98887	0.999995	454	0	-0.59894
CSNK2A1	5	0.021481	0.06751	0.472412	72	3	-1.1383	0.038655	0.11328	0.797007	78	2	-1.1383
POLR2D	2	0.026284	0.048133	0.362845	73	2	-5.2304	0.97372	0.9728	0.999995	443	0	-5.2304
MAP3K12	6	0.027116	0.093991	0.622376	74	4	-0.77365	0.50594	0.70138	0.999995	316	1	-0.77365
MAP2K2	6	0.028243	0.096607	0.624776	75	3	0.00062193	0.62897	0.77375	0.999995	340	2	0.00062193
MAPK11	6	0.028349	0.096904	0.624776	76	4	-0.49186	0.43106	0.65136	0.999995	296	2	-0.49186
CDK10	6	0.032768	0.10746	0.683867	77	4	-0.43557	0.65196	0.78877	0.999995	344	2	-0.43557
PRKD1	6	0.037166	0.11753	0.738331	78	4	-0.41501	0.9381	0.93989	0.999995	422	1	-0.41501
TAOK2	6	0.041029	0.12585	0.776729	79	4	-0.41675	0.94787	0.9484	0.999995	427	1	-0.41675
DAPK3	6	0.041446	0.12681	0.776729	80	4	-0.36812	0.99126	0.99116	0.999995	456	0	-0.36812
RPS6KA4	12	0.041653	0.16086	0.957451	81	7	-0.29566	0.48704	0.77358	0.999995	312	3	-0.29566
TSSK3	6	0.048663	0.1429	0.864467	82	4	-0.56477	0.98649	0.98662	0.999995	451	0	-0.56477
PAK4	6	0.058026	0.16218	0.957451	83	4	-0.3558	0.85612	0.89439	0.999995	390	1	-0.3558
TLK2	5	0.061058	0.16609	0.964738	84	3	-0.36532	0.70566	0.80059	0.999995	361	1	-0.36532
CLK2	6	0.061706	0.16959	0.964738	85	3	-0.40339	0.93907	0.94068	0.999995	423	1	-0.40339
ULK2	6	0.062338	0.17077	0.964738	86	4	-0.37154	0.22801	0.43951	0.985469	217	1	-0.37154
HCK	6	0.06348	0.17298	0.964738	87	4	-0.29385	0.92182	0.9276	0.999995	416	1	-0.29385
STK17B	6	0.064256	0.17456	0.964738	88	3	-0.26196	0.75888	0.8617	0.999995	377	1	-0.26196
MKNK1	6	0.064579	0.17523	0.964738	89	3	-0.43005	0.95177	0.95201	0.999995	429	1	-0.43005
RPS6KA1	12	0.067053	0.22866	0.999995	90	7	-0.28297	0.94052	0.98037	0.999995	424	2	-0.28297
MAPK7	6	0.067969	0.18235	0.987597	91	4	-0.29124	0.054465	0.16334	0.815823	94	2	-0.29124
ZAP70	6	0.068519	0.18341	0.987597	92	3	-0.23456	0.15199	0.34304	0.91062	185	1	-0.23456
CSNK1D	6	0.072922	0.19273	0.999995	93	4	-0.30771	0.68076	0.80706	0.999995	355	1	-0.30771
CDK4	6	0.073967	0.19471	0.999995	94	4	-0.32721	0.94547	0.94632	0.999995	425	1	-0.32721
SCYL2	6	0.077264	0.20122	0.999995	95	4	-0.30832	0.42289	0.64307	0.999995	289	1	-0.30832
CAMKV	6	0.078654	0.20436	0.999995	96	4	-0.47027	0.30007	0.5174	0.999995	247	2	-0.47027
DDR2	6	0.085542	0.21748	0.999995	97	4	-0.28726	0.30558	0.52334	0.999995	248	1	-0.28726
LRRK2	6	0.086428	0.21917	0.999995	98	4	-0.27735	0.8791	0.90439	0.999995	400	1	-0.27735
PIM3	6	0.086654	0.21965	0.999995	99	4	-0.32765	0.97707	0.97698	0.999995	445	0	-0.32765
BMPR1B	6	0.08732	0.22091	0.999995	100	4	-0.20645	0.55019	0.72724	0.999995	323	1	-0.20645
WNK2	6	0.087918	0.2223	0.999995	101	4	-0.27171	0.95454	0.95438	0.999995	431	0	-0.27171
ADCK3	6	0.088518	0.22339	0.999995	102	4	-0.34922	0.71491	0.83059	0.999995	365	1	-0.34922
GRK6	6	0.09003	0.22663	0.999995	103	4	-0.22776	0.54203	0.72235	0.999995	322	2	-0.22776
EIF2AK2	6	0.092482	0.2318	0.999995	104	4	-0.24638	0.90793	0.91917	0.999995	411	1	-0.24638
MET	6	0.10325	0.2528	0.999995	105	3	-0.11175	0.43995	0.66023	0.999995	298	3	-0.11175
SLK	6	0.10435	0.25461	0.999995	106	4	-0.28173	0.89981	0.91476	0.999995	408	1	-0.28173
BMP2K	6	0.10502	0.2557	0.999995	107	4	-0.30493	0.95484	0.95463	0.999995	432	0	-0.30493
ACVR2A	6	0.10666	0.25895	0.999995	108	3	-0.13664	0.74783	0.85376	0.999995	372	1	-0.13664
BCR	6	0.10805	0.26158	0.999995	109	4	-0.23583	0.26993	0.4857	0.999995	235	2	-0.23583
FLT1	6	0.10919	0.26386	0.999995	110	2	0.43018	0.073189	0.19948	0.837052	117	4	0.43018
MAP3K11	6	0.11038	0.26624	0.999995	111	3	-0.27574	0.49488	0.69492	0.999995	314	2	-0.27574
NEK9	6	0.11239	0.27018	0.999995	112	3	-0.12995	0.49963	0.69771	0.999995	315	2	-0.12995
MAP3K13	6	0.11287	0.27113	0.999995	113	4	-0.30561	0.9492	0.94977	0.999995	428	1	-0.30561
CSNK1G3	6	0.11675	0.27844	0.999995	114	4	-0.31837	0.98834	0.98855	0.999995	453	0	-0.31837
STK24	6	0.11925	0.28272	0.999995	115	4	-0.26701	0.97942	0.97934	0.999995	449	0	-0.26701
IRAK3	6	0.11961	0.28342	0.999995	116	4	-0.18425	0.61549	0.7663	0.999995	335	2	-0.18425
TRPM6	6	0.12034	0.28459	0.999995	117	4	-0.2736	0.86415	0.89776	0.999995	394	1	-0.2736
PTK6	6	0.12682	0.29637	0.999995	118	2	0.17972	0.34636	0.56518	0.999995	261	3	0.17972
RIPK2	6	0.13083	0.30379	0.999995	119	3	-0.11067	0.24064	0.45337	0.985469	224	3	-0.11067
INSR	6	0.14651	0.32391	0.999995	120	3	-0.19378	0.47447	0.68403	0.999995	308	1	-0.19378
ADCK5	6	0.14944	0.32732	0.999995	121	3	-0.17179	0.52607	0.71302	0.999995	317	2	-0.17179
SCYL3	6	0.15084	0.32907	0.999995	122	2	0.21872	0.10907	0.26693	0.894215	146	4	0.21872
RIPK1	6	0.15943	0.34036	0.999995	123	3	-0.21779	0.27144	0.48738	0.999995	237	1	-0.21779
ALK	6	0.16865	0.35152	0.999995	124	3	-0.040186	0.19048	0.39905	0.963863	202	3	-0.040186
STK40	6	0.17233	0.35567	0.999995	125	3	-0.18268	0.95816	0.95776	0.999995	433	0	-0.18268
PAK6	6	0.17598	0.36016	0.999995	126	3	-0.25125	0.84604	0.8904	0.999995	389	1	-0.25125
TNIK	6	0.17818	0.36273	0.999995	127	2	0.089073	0.23118	0.44319	0.985469	219	3	0.089073
CAMK2B	6	0.17916	0.36408	0.999995	128	3	-0.13757	0.88986	0.90961	0.999995	406	1	-0.13757
NUAK1	6	0.1826	0.36825	0.999995	129	3	-0.26965	0.44618	0.66634	0.999995	304	1	-0.26965
CLK1	6	0.18291	0.36875	0.999995	130	3	-0.20808	0.43156	0.65189	0.999995	297	2	-0.20808
SCYL1	6	0.1856	0.37176	0.999995	131	3	-0.36983	0.909	0.91982	0.999995	412	1	-0.36983
ACVR1	6	0.1883	0.37532	0.999995	132	3	-0.17313	0.86711	0.89919	0.999995	395	1	-0.17313
CDK3	6	0.18853	0.37558	0.999995	133	3	-0.11323	0.6357	0.77826	0.999995	341	1	-0.11323
SGK494	6	0.19077	0.37828	0.999995	134	3	-0.095887	0.30731	0.52535	0.999995	249	2	-0.095887
NEK8	6	0.19267	0.3806	0.999995	135	3	-0.2848	0.3831	0.60252	0.999995	272	2	-0.2848
CDK11A	6	0.19827	0.38687	0.999995	136	3	-0.36742	0.36176	0.58092	0.999995	265	1	-0.36742
AATK	6	0.19978	0.3889	0.999995	137	3	-0.041809	0.86265	0.89727	0.999995	392	1	-0.041809
DYRK3	6	0.20152	0.39121	0.999995	138	3	-0.16259	0.079062	0.21083	0.844996	123	2	-0.16259
SIK3	6	0.2077	0.3986	0.999995	139	3	-0.24066	0.12589	0.29685	0.90347	162	2	-0.24066
EPHA1	6	0.21338	0.40524	0.999995	140	3	-0.22884	0.83713	0.88714	0.999995	387	1	-0.22884
PAK1	6	0.21682	0.40913	0.999995	141	1	0.26125	0.085247	0.22209	0.851848	127	4	0.26125
SYK	6	0.21728	0.40977	0.999995	142	2	-0.13166	0.097313	0.24565	0.883973	137	2	-0.13166
MARK1	6	0.21969	0.41269	0.999995	143	3	-0.23209	0.93289	0.93583	0.999995	418	1	-0.23209
OXSR1	6	0.22267	0.41622	0.999995	144	3	-0.10481	0.65325	0.7895	0.999995	345	2	-0.10481
EEF2K	6	0.22316	0.41677	0.999995	145	3	-0.24317	0.13815	0.31865	0.91062	170	2	-0.24317
CSNK1E	6	0.22374	0.41746	0.999995	146	3	-0.087494	0.94736	0.94791	0.999995	426	1	-0.087494
LMTK3	6	0.22665	0.42113	0.999995	147	3	-0.11972	0.90296	0.91653	0.999995	409	1	-0.11972
KIAA1804	6	0.22963	0.42474	0.999995	148	3	-0.24019	0.53997	0.72124	0.999995	321	2	-0.24019
TBK1	6	0.23016	0.42553	0.999995	149	3	-0.24209	0.68979	0.81297	0.999995	356	1	-0.24209
PRKCG	6	0.2304	0.42579	0.999995	150	2	-0.022815	0.75646	0.86012	0.999995	375	1	-0.022815
STYK1	6	0.23075	0.42628	0.999995	151	3	-0.17304	0.98441	0.98442	0.999995	450	0	-0.17304
BMPR2	6	0.23429	0.43039	0.999995	152	3	-0.2401	0.58922	0.75002	0.999995	329	1	-0.2401
MUSK	6	0.23487	0.43106	0.999995	153	3	-0.17663	0.88637	0.90768	0.999995	404	1	-0.17663
UHMK1	6	0.23665	0.43321	0.999995	154	3	-0.26741	0.92438	0.92922	0.999995	417	1	-0.26741
DDR1	6	0.2374	0.43416	0.999995	155	2	0.19785	0.22782	0.43931	0.985469	216	3	0.19785
BMPR1A	6	0.2438	0.44165	0.999995	156	3	-0.02374	0.11498	0.27807	0.894215	151	2	-0.02374
CDKL2	6	0.24999	0.44895	0.999995	157	1	0.076828	0.73702	0.84621	0.999995	369	1	0.076828
TSSK6	6	0.25041	0.44953	0.999995	158	3	-0.067192	0.66221	0.79498	0.999995	347	2	-0.067192
RNASEL	6	0.25072	0.44993	0.999995	159	3	-0.045552	0.53427	0.71791	0.999995	320	2	-0.045552
AK3	6	0.25223	0.4516	0.999995	160	3	-0.09008	0.93673	0.93868	0.999995	421	1	-0.09008
DYRK1B	6	0.25284	0.45229	0.999995	161	3	-0.20502	0.39362	0.6133	0.999995	278	2	-0.20502
STK17A	6	0.25344	0.45305	0.999995	162	3	-0.21048	0.98708	0.98726	0.999995	452	0	-0.21048
MAP3K4	6	0.25466	0.45468	0.999995	163	3	-0.19528	0.019823	0.072464	0.797007	38	2	-0.19528
KSR2	6	0.26014	0.46098	0.999995	164	3	-0.17222	0.8634	0.89754	0.999995	393	1	-0.17222
STK19	6	0.26444	0.46579	0.999995	165	3	-0.12878	0.48274	0.6886	0.999995	309	2	-0.12878
CAMK2D	6	0.26494	0.46659	0.999995	166	3	-0.025786	0.42838	0.64842	0.999995	294	3	-0.025786
PDIK1L	6	0.26752	0.46987	0.999995	167	3	-0.063363	0.39756	0.61729	0.999995	280	2	-0.063363
NIM1K	6	0.2697	0.47269	0.999995	168	2	0.36153	0.12853	0.30137	0.905965	163	3	0.36153
NTRK3	6	0.27448	0.47856	0.999995	169	2	0.31553	0.063969	0.18101	0.815823	108	4	0.31553
MYLK3	6	0.27926	0.48406	0.999995	170	2	-0.11478	0.08709	0.22534	0.851848	129	2	-0.11478
NTRK1	6	0.28006	0.48499	0.999995	171	2	0.011018	0.31856	0.53762	0.999995	254	2	0.011018
CSK	6	0.28058	0.48554	0.999995	172	3	-0.12515	0.075376	0.20328	0.837052	120	1	-0.12515
ABL2	6	0.297	0.50381	0.999995	173	3	-0.20103	0.5976	0.755	0.999995	330	2	-0.20103
RIPK3	6	0.30467	0.51278	0.999995	174	3	-0.015759	0.38506	0.60465	0.999995	274	3	-0.015759
CSF1R	6	0.31294	0.52267	0.999995	175	2	0.11022	0.39247	0.61212	0.999995	277	3	0.11022
INSRR	6	0.31713	0.52745	0.999995	176	1	-0.037507	0.67666	0.80423	0.999995	353	2	-0.037507
CDC42BPB	6	0.31777	0.52825	0.999995	177	2	0.18071	0.2705	0.4864	0.999995	236	2	0.18071
RPS6KA3	12	0.31843	0.61249	0.999995	178	5	0.28907	0.059797	0.21946	0.851848	103	7	0.28907
PRKCI	6	0.321	0.53158	0.999995	179	2	0.081553	0.62625	0.77212	0.999995	339	2	0.081553
PTK7	6	0.32211	0.53268	0.999995	180	3	-0.16741	0.62293	0.77032	0.999995	338	2	-0.16741
PRKCB	6	0.32285	0.53354	0.999995	181	1	0.71678	0.00090304	0.0047107	0.384709	6	5	0.71678
AK1	6	0.32987	0.5413	0.999995	182	2	0.009774	0.13291	0.30932	0.91062	166	3	0.009774
MAP2K6	6	0.33068	0.54216	0.999995	183	2	0.093569	0.39916	0.61909	0.999995	281	2	0.093569
TLK1	6	0.33135	0.5429	0.999995	184	3	-0.015922	0.23843	0.45099	0.985469	223	3	-0.015922
ANKK1	6	0.33189	0.54352	0.999995	185	3	-0.16365	0.22483	0.43606	0.985469	215	2	-0.16365
FASTK	6	0.33416	0.54648	0.999995	186	2	0.080799	0.26384	0.47852	0.999995	232	3	0.080799
CSNK1G2	6	0.33583	0.5483	0.999995	187	3	-0.10435	0.14163	0.32498	0.91062	172	2	-0.10435
EPHA8	6	0.34109	0.55383	0.999995	188	3	-0.075918	0.75788	0.86102	0.999995	376	2	-0.075918
STRADA	6	0.3444	0.55734	0.999995	189	2	0.11351	0.13288	0.3093	0.91062	165	3	0.11351
MAPK15	6	0.35005	0.56355	0.999995	190	2	0.080458	0.49044	0.69249	0.999995	313	2	0.080458
TRIB1	6	0.35166	0.5651	0.999995	191	3	-0.083982	0.71002	0.82721	0.999995	362	2	-0.083982
MAP3K14	6	0.35298	0.56647	0.999995	192	3	0.019816	0.14682	0.33428	0.91062	178	3	0.019816
MAPK9	6	0.35364	0.56722	0.999995	193	3	-0.12325	0.21037	0.42037	0.975465	211	1	-0.12325
TEX14	6	0.35409	0.56777	0.999995	194	2	-0.06213	0.73031	0.84153	0.999995	367	2	-0.06213
EPHB1	6	0.35489	0.56858	0.999995	195	2	0.0074752	0.48589	0.69011	0.999995	311	2	0.0074752
TSSK4	6	0.35495	0.56864	0.999995	196	2	0.13026	0.17241	0.37765	0.92988	200	4	0.13026
EIF2AK3	6	0.35564	0.56938	0.999995	197	3	0.058982	0.10414	0.25782	0.889666	143	3	0.058982
PNCK	6	0.35763	0.57177	0.999995	198	3	-0.19068	0.97577	0.97563	0.999995	444	0	-0.19068
CDKL3	6	0.35812	0.57234	0.999995	199	2	0.040124	0.40717	0.62687	0.999995	286	3	0.040124
HIPK1	6	0.36054	0.57517	0.999995	200	2	-0.030813	0.96874	0.96851	0.999995	441	0	-0.030813
ADRBK2	6	0.36162	0.57632	0.999995	201	3	-0.19914	0.46723	0.68003	0.999995	307	2	-0.19914
DCLK1	6	0.36229	0.57708	0.999995	202	3	-0.067922	0.35905	0.5782	0.999995	264	1	-0.067922
STK16	6	0.36458	0.57947	0.999995	203	2	0.0079245	0.67105	0.80059	0.999995	352	2	0.0079245
ROR1	6	0.36582	0.58087	0.999995	204	2	-0.11244	0.29533	0.51224	0.999995	243	2	-0.11244
WNK4	6	0.3712	0.58717	0.999995	205	1	0.39248	0.11568	0.27953	0.894215	153	4	0.39248
PLK3	6	0.37505	0.5912	0.999995	206	2	0.33329	0.032768	0.11238	0.797007	64	3	0.33329
AKT1	6	0.3752	0.59135	0.999995	207	2	-0.028476	0.45159	0.6708	0.999995	305	2	-0.028476
TXK	6	0.37666	0.5925	0.999995	208	2	-0.028207	0.86857	0.89975	0.999995	397	1	-0.028207
STK31	6	0.3823	0.59609	0.999995	209	2	-0.050053	0.7342	0.84402	0.999995	368	2	-0.050053
PRKG1	6	0.38315	0.59662	0.999995	210	1	0.12233	0.40598	0.62566	0.999995	285	3	0.12233
RPS6KA2	12	0.38721	0.67991	0.999995	211	5	0.13234	0.045142	0.17731	0.815823	84	6	0.13234
PSKH1	6	0.38793	0.59964	0.999995	212	2	0.13589	0.10991	0.26868	0.894215	147	3	0.13589
POMK	4	0.39096	0.53537	0.999995	213	2	0.015058	0.41782	0.5695	0.999995	287	2	0.015058
MST1R	6	0.39362	0.60331	0.999995	214	2	0.13554	0.19487	0.4035	0.963863	205	3	0.13554
EPHA6	6	0.40137	0.60848	0.999995	215	2	0.15099	0.25309	0.46673	0.998675	231	3	0.15099
RPS6KA5	12	0.40337	0.69591	0.999995	216	5	-0.10645	0.24512	0.54345	0.999995	228	3	-0.10645
FGFR3	6	0.40717	0.61196	0.999995	217	2	0.1606	0.16044	0.35801	0.915954	191	3	0.1606
PDPK1	5	0.42138	0.58724	0.999995	218	1	0.10139	0.89308	0.896	0.999995	407	1	0.10139
FGFR1	6	0.42153	0.62122	0.999995	219	2	-0.023662	0.21192	0.42204	0.975465	212	2	-0.023662
NEK11	6	0.42312	0.62211	0.999995	220	2	0.35568	0.067854	0.18886	0.833499	111	4	0.35568
MARK4	6	0.43344	0.62854	0.999995	221	2	-0.033349	0.26841	0.48383	0.999995	233	2	-0.033349
TTBK1	6	0.43647	0.63085	0.999995	222	1	0.040295	0.61304	0.76472	0.999995	334	1	0.040295
ULK4	6	0.43769	0.63162	0.999995	223	2	0.12348	0.26891	0.48444	0.999995	234	3	0.12348
PDK3	6	0.44134	0.63387	0.999995	224	1	0.23324	0.16494	0.36543	0.916646	196	4	0.23324
MAST1	6	0.44135	0.63387	0.999995	225	2	0.036932	0.39751	0.61724	0.999995	279	2	0.036932
PBK	6	0.44293	0.6348	0.999995	226	2	0.26869	0.063293	0.17969	0.815823	107	4	0.26869
ULK3	6	0.44376	0.63529	0.999995	227	2	0.034004	0.71267	0.82899	0.999995	364	2	0.034004
IRAK4	6	0.44738	0.63783	0.999995	228	1	0.048399	0.55632	0.73106	0.999995	326	2	0.048399
FES	6	0.44765	0.63803	0.999995	229	2	0.16509	0.043126	0.13954	0.815823	81	3	0.16509
NEK4	6	0.44978	0.63949	0.999995	230	1	0.17102	0.14854	0.33721	0.91062	180	3	0.17102
TNK1	6	0.45551	0.64331	0.999995	231	2	-0.030508	0.44371	0.6638	0.999995	301	2	-0.030508
STK26	6	0.464	0.64891	0.999995	232	1	0.46787	0.0088372	0.036809	0.797007	22	4	0.46787
CAMK1G	6	0.46634	0.65076	0.999995	233	2	-0.0092845	0.23435	0.4466	0.985469	221	2	-0.0092845
FER	6	0.46723	0.65148	0.999995	234	2	-0.11396	0.66475	0.79654	0.999995	350	2	-0.11396
MAPK3	6	0.46751	0.65165	0.999995	235	1	0.062993	0.40531	0.62504	0.999995	284	3	0.062993
ERBB4	6	0.46984	0.65326	0.999995	236	2	-0.070866	0.87181	0.90115	0.999995	398	1	-0.070866
JAK1	12	0.47578	0.75493	0.999995	237	3	0.1889	0.096021	0.30075	0.905965	136	6	0.1889
TAOK3	6	0.47733	0.65819	0.999995	238	2	0.081413	0.21728	0.42769	0.983899	213	3	0.081413
PRKCH	6	0.47965	0.6595	0.999995	239	2	-0.036969	0.11889	0.28469	0.894215	157	2	-0.036969
EPHA3	6	0.48249	0.66151	0.999995	240	1	0.28252	0.020519	0.074544	0.797007	41	4	0.28252
PAK2	6	0.48702	0.66441	0.999995	241	2	0.13338	0.4277	0.64774	0.999995	293	3	0.13338
CDK18	6	0.48737	0.66465	0.999995	242	2	-0.20351	0.96807	0.96783	0.999995	439	0	-0.20351
PRKCE	6	0.48814	0.66511	0.999995	243	2	0.23755	0.31368	0.5322	0.999995	251	3	0.23755
MELK	6	0.49044	0.66652	0.999995	244	2	0.36655	0.022505	0.080885	0.797007	44	4	0.36655
TTN	6	0.496	0.67035	0.999995	245	2	0.041885	0.20053	0.40973	0.965238	209	2	0.041885
FGFR2	6	0.50192	0.67455	0.999995	246	2	-0.078785	0.81609	0.87963	0.999995	383	1	-0.078785
ROCK2	6	0.50724	0.67833	0.999995	247	2	-0.040938	0.42702	0.64707	0.999995	292	3	-0.040938
PDGFRA	6	0.51247	0.6819	0.999995	248	1	0.42317	0.0076805	0.033094	0.772191	21	4	0.42317
EPHA4	6	0.51787	0.68544	0.999995	249	2	0.011459	0.1004	0.25099	0.889666	139	2	0.011459
FLT4	6	0.52321	0.68918	0.999995	250	1	0.20521	0.15346	0.34584	0.91062	187	4	0.20521
MAPKAPK2	6	0.52533	0.6906	0.999995	251	1	0.42218	0.035481	0.12047	0.797007	69	4	0.42218
STK39	6	0.52831	0.69272	0.999995	252	2	-0.0062829	0.7115	0.82825	0.999995	363	2	-0.0062829
FGFR4	6	0.52955	0.69338	0.999995	253	2	0.13194	0.38573	0.60534	0.999995	275	3	0.13194
LYN	6	0.5306	0.69413	0.999995	254	1	0.06552	0.75102	0.85589	0.999995	373	2	0.06552
AKT2	6	0.5379	0.69913	0.999995	255	1	0.021511	0.84227	0.88899	0.999995	388	1	0.021511
CAMKK2	6	0.54203	0.70183	0.999995	256	1	0.22343	0.13496	0.3132	0.91062	167	4	0.22343
PDK2	6	0.54306	0.70259	0.999995	257	1	0.0030916	0.043538	0.14035	0.815823	82	2	0.0030916
CAMK2A	6	0.54408	0.70341	0.999995	258	2	0.035029	0.53374	0.71756	0.999995	319	2	0.035029
RYK	6	0.54682	0.70548	0.999995	259	2	0.2153	0.27309	0.48915	0.999995	238	3	0.2153
MAP3K6	6	0.54829	0.70635	0.999995	260	2	-0.18218	0.95409	0.95402	0.999995	430	0	-0.18218
CDK6	6	0.55019	0.70753	0.999995	261	1	0.27922	0.072125	0.19742	0.837052	116	4	0.27922
CDK14	6	0.5512	0.70842	0.999995	262	1	0.038351	0.32664	0.54554	0.999995	255	2	0.038351
MAPK13	6	0.55122	0.70842	0.999995	263	2	-0.0783	0.42312	0.64326	0.999995	290	2	-0.0783
SRMS	6	0.55268	0.70942	0.999995	264	2	-0.013235	0.18078	0.3884	0.95159	201	2	-0.013235
MAP3K5	6	0.55341	0.70995	0.999995	265	2	-0.031207	0.88475	0.90686	0.999995	402	1	-0.031207
STK25	6	0.55559	0.71142	0.999995	266	2	0.18938	0.37298	0.59246	0.999995	269	3	0.18938
ADCK1	6	0.55632	0.712	0.999995	267	2	-0.20598	0.70293	0.82232	0.999995	360	1	-0.20598
EPHB4	6	0.55777	0.71284	0.999995	268	2	0.2579	0.16401	0.36363	0.916646	195	3	0.2579
NEK3	6	0.55923	0.71378	0.999995	269	2	-0.017364	0.29686	0.51396	0.999995	246	2	-0.017364
TESK1	6	0.56068	0.71478	0.999995	270	2	0.18394	0.077129	0.20685	0.837659	122	3	0.18394
NRBP2	6	0.56789	0.71953	0.999995	271	2	-0.077701	0.44013	0.66041	0.999995	299	1	-0.077701
STK10	6	0.57506	0.72465	0.999995	272	2	-0.048379	0.93309	0.93594	0.999995	419	1	-0.048379
PINK1	6	0.57782	0.72634	0.999995	273	2	0.1944	0.14408	0.32942	0.91062	174	3	0.1944
CSNK1G1	6	0.57933	0.72749	0.999995	274	2	-0.046995	0.93412	0.93683	0.999995	420	1	-0.046995
PDK4	6	0.58146	0.72881	0.999995	275	2	0.11576	0.61617	0.76668	0.999995	336	2	0.11576
BRAF	6	0.58165	0.72893	0.999995	276	1	0.12267	0.056756	0.1678	0.815823	98	3	0.12267
TYRO3	6	0.58429	0.73095	0.999995	277	2	-0.025428	0.9132	0.92219	0.999995	413	1	-0.025428
ABL1	6	0.58828	0.73377	0.999995	278	2	0.11593	0.16814	0.3709	0.92254	198	3	0.11593
PRKACG	6	0.59272	0.73687	0.999995	279	2	-0.20981	0.97749	0.97741	0.999995	446	0	-0.20981
PRKAA1	6	0.59575	0.73909	0.999995	280	1	0.15943	0.37767	0.59702	0.999995	271	3	0.15943
ROCK1	6	0.59667	0.73991	0.999995	281	1	-0.019063	0.96785	0.96756	0.999995	438	0	-0.019063
CAMKK1	6	0.60038	0.74246	0.999995	282	2	0.32315	0.055576	0.16563	0.815823	95	4	0.32315
SBK2	6	0.60246	0.74412	0.999995	283	2	0.19142	0.20583	0.41552	0.969545	210	3	0.19142
RIOK3	6	0.60453	0.7457	0.999995	284	2	-0.074388	0.24532	0.45854	0.985469	229	2	-0.074388
PIM1	6	0.60493	0.7459	0.999995	285	2	0.08335	0.44608	0.66622	0.999995	303	3	0.08335
MAPK12	6	0.60934	0.74919	0.999995	286	2	-0.2138	0.56357	0.73502	0.999995	327	2	-0.2138
MAP4K1	6	0.61125	0.75059	0.999995	287	1	0.50107	0.0015712	0.0080989	0.396642	10	5	0.50107
CDKL1	6	0.6114	0.75067	0.999995	288	2	-0.099114	0.062375	0.17806	0.815823	106	2	-0.099114
NEK5	6	0.61304	0.75199	0.999995	289	1	0.4158	0.03108	0.10742	0.797007	60	5	0.4158
BTK	6	0.61482	0.75336	0.999995	290	2	0.13615	0.24131	0.45408	0.985469	225	3	0.13615
SGK3	6	0.61549	0.75386	0.999995	291	2	0.31646	0.091866	0.23509	0.872665	132	4	0.31646
CSNK2A2	6	0.61617	0.75428	0.999995	292	2	0.41401	0.045436	0.14452	0.815823	85	4	0.41401
TRIB2	6	0.62101	0.75762	0.999995	293	1	0.32801	0.060522	0.17471	0.815823	105	4	0.32801
DCLK3	6	0.62361	0.75914	0.999995	294	2	0.048369	0.11348	0.27519	0.894215	149	2	0.048369
TNK2	6	0.62696	0.76128	0.999995	295	2	0.25959	0.09592	0.24298	0.881931	135	4	0.25959
JAK3	12	0.63089	0.85153	0.999995	296	4	-0.00076961	0.25119	0.55126	0.999995	230	4	-0.00076961
TSSK1B	6	0.63228	0.76533	0.999995	297	1	0.33598	0.046787	0.14753	0.815823	87	3	0.33598
CAMK1	6	0.63496	0.76727	0.999995	298	2	0.25995	0.028243	0.098509	0.797007	55	3	0.25995
BRSK2	6	0.63694	0.76887	0.999995	299	2	0.22526	0.15555	0.34938	0.91062	189	4	0.22526
NLK	6	0.63908	0.77042	0.999995	300	1	0.061828	0.15884	0.35528	0.915954	190	3	0.061828
MAP2K1	6	0.63958	0.77085	0.999995	301	2	0.038427	0.8854	0.90721	0.999995	403	1	0.038427
MERTK	6	0.64089	0.77174	0.999995	302	2	0.072819	0.33517	0.55441	0.999995	257	3	0.072819
PRKACA	6	0.64155	0.7723	0.999995	303	2	0.044506	0.030166	0.10442	0.797007	59	3	0.044506
STK4	6	0.64244	0.77292	0.999995	304	1	0.21377	0.15179	0.34281	0.91062	184	4	0.21377
RPS6KA6	12	0.64318	0.85918	0.999995	305	1	0.33203	0.013589	0.070185	0.797007	26	9	0.33203
GUCY2F	6	0.64351	0.77372	0.999995	306	2	0.32859	0.056429	0.16723	0.815823	97	4	0.32859
LATS2	6	0.64743	0.77669	0.999995	307	2	0.052417	0.037826	0.12722	0.797007	75	3	0.052417
OBSCN	12	0.64842	0.86258	0.999995	308	2	-0.039762	0.41859	0.71958	0.999995	288	4	-0.039762
PKN1	6	0.64937	0.77822	0.999995	309	2	-0.001837	0.81896	0.88069	0.999995	384	1	-0.001837
NEK10	6	0.65154	0.77995	0.999995	310	1	-0.0034083	0.1724	0.37759	0.92988	199	2	-0.0034083
MAP3K3	6	0.65261	0.78068	0.999995	311	2	0.080319	0.7396	0.84798	0.999995	370	1	0.080319
NPR2	6	0.65318	0.78095	0.999995	312	1	0.26491	0.071676	0.19634	0.837052	115	4	0.26491
ROR2	6	0.65518	0.78232	0.999995	313	2	-0.028744	0.83582	0.8866	0.999995	386	1	-0.028744
MYO3A	6	0.66285	0.78788	0.999995	314	2	-0.023224	0.10812	0.26505	0.894215	145	2	-0.023224
KDR	6	0.66603	0.79034	0.999995	315	1	0.16627	0.075028	0.20269	0.837052	119	3	0.16627
MOK	6	0.6676	0.79145	0.999995	316	1	0.34292	0.027513	0.09631	0.797007	53	3	0.34292
DCLK2	6	0.67167	0.79455	0.999995	317	2	-0.12053	0.79231	0.87241	0.999995	381	1	-0.12053
PRKX	6	0.67355	0.79593	0.999995	318	2	0.097102	0.14525	0.33148	0.91062	175	2	0.097102
CDK15	6	0.67462	0.79677	0.999995	319	1	-0.046185	0.2296	0.44134	0.985469	218	2	-0.046185
MOS	6	0.67479	0.7969	0.999995	320	2	0.14358	0.23277	0.44476	0.985469	220	3	0.14358
PDK1	4	0.67661	0.71303	0.999995	321	1	0.22471	0.06965	0.16281	0.815823	113	2	0.22471
PRKD3	6	0.67789	0.79932	0.999995	322	2	-0.032793	0.55322	0.72918	0.999995	324	2	-0.032793
MARK2	6	0.67847	0.79977	0.999995	323	1	0.37055	0.058597	0.17097	0.815823	102	4	0.37055
VRK2	6	0.67851	0.79984	0.999995	324	2	-0.055307	0.97847	0.97828	0.999995	448	0	-0.055307
EPHB3	6	0.68037	0.80119	0.999995	325	2	0.12818	0.11526	0.27866	0.894215	152	3	0.12818
MAP3K1	6	0.68221	0.80251	0.999995	326	2	0.23542	0.3378	0.557	0.999995	258	3	0.23542
PAK7	6	0.68228	0.80254	0.999995	327	2	0.040091	0.40328	0.62312	0.999995	283	3	0.040091
DAPK1	6	0.68304	0.80311	0.999995	328	1	0.30944	0.15304	0.34509	0.91062	186	4	0.30944
STKLD1	6	0.68771	0.80674	0.999995	329	2	0.21811	0.13765	0.31774	0.91062	169	3	0.21811
EPHA10	6	0.69075	0.80926	0.999995	330	2	-0.027834	0.34036	0.55957	0.999995	260	2	-0.027834
NEK7	6	0.69135	0.80982	0.999995	331	2	0.13773	0.19451	0.40313	0.963863	204	3	0.13773
HIPK4	6	0.69422	0.81215	0.999995	332	1	0.38426	0.0028875	0.014142	0.494972	14	3	0.38426
TEC	6	0.69436	0.81228	0.999995	333	2	0.091358	0.10273	0.25547	0.889666	141	2	0.091358
STK3	6	0.69495	0.8128	0.999995	334	1	0.18421	0.33977	0.55895	0.999995	259	3	0.18421
DAPK2	6	0.69496	0.8128	0.999995	335	2	-0.12641	0.4291	0.64921	0.999995	295	1	-0.12641
STK36	6	0.69556	0.81316	0.999995	336	2	0.49826	0.018382	0.068125	0.797007	34	4	0.49826
PLK2	6	0.69676	0.81422	0.999995	337	2	0.13914	0.61821	0.76775	0.999995	337	2	0.13914
ERN1	6	0.69715	0.81456	0.999995	338	1	0.13794	0.76101	0.86335	0.999995	378	2	0.13794
EPHB6	6	0.69796	0.81529	0.999995	339	2	0.24126	0.15138	0.34202	0.91062	183	4	0.24126
IRAK1	6	0.70005	0.81702	0.999995	340	1	0.61363	0.00014489	0.00080741	0.079126	5	3	0.61363
CHEK2	6	0.70093	0.81774	0.999995	341	2	0.49407	0.064215	0.18148	0.815823	109	4	0.49407
MAP4K4	6	0.70436	0.8191	0.999995	342	1	0.014383	0.022821	0.081786	0.797007	45	2	0.014383
ACVRL1	6	0.70578	0.81951	0.999995	343	1	-0.0069818	0.67975	0.80646	0.999995	354	2	-0.0069818
PRKACB	6	0.7072	0.81995	0.999995	344	1	0.23445	0.14525	0.33148	0.91062	176	4	0.23445
PKN3	6	0.71904	0.82339	0.999995	345	1	0.33165	0.079777	0.21211	0.844996	124	4	0.33165
MAP3K7	6	0.72715	0.82598	0.999995	346	1	0.25105	0.084405	0.2204	0.851848	126	3	0.25105
LIMK2	6	0.73179	0.82748	0.999995	347	1	0.40742	0.035307	0.11998	0.797007	68	4	0.40742
EPHA7	6	0.73637	0.82895	0.999995	348	1	0.2843	0.16197	0.36027	0.915954	193	3	0.2843
NEK6	6	0.73895	0.82981	0.999995	349	1	-0.10373	0.96232	0.96206	0.999995	434	0	-0.10373
MAP3K10	6	0.74279	0.83093	0.999995	350	1	0.21858	0.10325	0.25653	0.889666	142	3	0.21858
TRIO	6	0.75218	0.83411	0.999995	351	1	0.089867	0.29319	0.51009	0.999995	242	3	0.089867
AMHR2	6	0.75768	0.83597	0.999995	352	1	-0.062609	0.31137	0.52977	0.999995	250	2	-0.062609
YES1	6	0.75828	0.83617	0.999995	353	1	0.20344	0.29129	0.5081	0.999995	241	3	0.20344
STK35	6	0.76009	0.83671	0.999995	354	1	0.28744	0.038318	0.1285	0.797007	77	3	0.28744
JAK2	12	0.76284	0.91284	0.999995	355	3	0.26994	0.045823	0.17936	0.815823	86	8	0.26994
NRK	6	0.76543	0.83865	0.999995	356	1	0.17486	0.16224	0.36077	0.915954	194	4	0.17486
MATK	6	0.77184	0.84092	0.999995	357	1	0.1645	0.44199	0.66209	0.999995	300	3	0.1645
RET	6	0.77241	0.8411	0.999995	358	1	0.12262	0.2787	0.49531	0.999995	240	3	0.12262
GRK4	6	0.77298	0.84129	0.999995	359	1	-0.0069367	0.44471	0.6648	0.999995	302	3	-0.0069367
ITK	6	0.77356	0.84156	0.999995	360	1	0.23571	0.11357	0.2753	0.894215	150	4	0.23571
MAPK10	6	0.77809	0.84338	0.999995	361	1	0.29572	0.14687	0.33439	0.91062	179	4	0.29572
TSSK2	6	0.77865	0.84353	0.999995	362	1	0.04731	0.74242	0.85	0.999995	371	2	0.04731
MAPKAPK5	6	0.78255	0.845	0.999995	363	1	0.14516	0.032085	0.11057	0.797007	63	3	0.14516
MAP4K3	6	0.78475	0.84587	0.999995	364	1	0.34302	0.0099547	0.040782	0.797007	23	3	0.34302
PASK	6	0.7853	0.84603	0.999995	365	1	0.41956	0.036728	0.12416	0.797007	71	5	0.41956
MAP3K8	6	0.79337	0.84912	0.999995	366	1	0.042467	0.19404	0.40276	0.963863	203	2	0.042467
FYN	6	0.80273	0.85269	0.999995	367	1	0.34764	0.02639	0.092872	0.797007	51	5	0.34764
NUAK2	6	0.80926	0.85556	0.999995	368	1	0.48478	0.0018813	0.0097137	0.396642	13	3	0.48478
ADCK2	6	0.81319	0.85728	0.999995	369	1	0.34735	0.12143	0.28921	0.902619	158	4	0.34735
MAPK6	6	0.81657	0.85882	0.999995	370	1	0.23736	0.029508	0.10226	0.797007	58	5	0.23736
PIM2	6	0.81991	0.86046	0.999995	371	1	0.28897	0.034002	0.11613	0.797007	66	4	0.28897
AKT3	6	0.82038	0.8607	0.999995	372	1	0.32409	0.042296	0.13803	0.815823	80	3	0.32409
STK33	6	0.82915	0.86475	0.999995	373	1	0.32441	0.021949	0.079181	0.797007	43	5	0.32441
SGK2	6	0.83095	0.86551	0.999995	374	1	0.184	0.3703	0.58974	0.999995	268	3	0.184
PRKCD	6	0.83273	0.86642	0.999995	375	1	0.31671	0.11782	0.28307	0.894215	154	4	0.31671
PAK3	6	0.83318	0.86667	0.999995	376	1	0.43684	0.017439	0.065559	0.797007	32	4	0.43684
PSKH2	6	0.83929	0.86956	0.999995	377	1	0.55134	0.0013931	0.0071775	0.396642	8	5	0.55134
PRKAA2	6	0.85175	0.87592	0.999995	378	1	0.16227	0.11304	0.2744	0.894215	148	3	0.16227
SPEG	12	0.85375	0.94996	0.999995	379	2	0.32241	0.0015137	0.010576	0.398618	9	7	0.32241
CLK4	6	0.85884	0.87993	0.999995	380	1	0.37048	0.052932	0.16047	0.815823	93	4	0.37048
GRK5	6	0.85922	0.88017	0.999995	381	1	0.48203	0.033191	0.11379	0.797007	65	4	0.48203
DYRK4	6	0.86037	0.88072	0.999995	382	1	0.23827	0.15471	0.34788	0.91062	188	4	0.23827
PRKY	5	0.86332	0.86612	0.999995	383	1	0.36832	0.015401	0.05371	0.797007	29	3	0.36832
ACVR1C	6	0.86821	0.88541	0.999995	384	1	-0.066136	0.3157	0.53444	0.999995	252	2	-0.066136
FLT3	6	0.87602	0.89003	0.999995	385	1	0.2218	0.11818	0.28358	0.894215	155	4	0.2218
MAP2K3	6	0.87705	0.89054	0.999995	386	1	-0.029378	0.27448	0.49081	0.999995	239	2	-0.029378
IKBKE	6	0.87774	0.89092	0.999995	387	1	0.37181	0.01856	0.06861	0.797007	35	5	0.37181
MINK1	6	0.87842	0.89122	0.999995	388	1	0.40089	0.051381	0.15738	0.815823	92	4	0.40089
GUCY2D	6	0.87876	0.89148	0.999995	389	1	0.18715	0.070062	0.1931	0.837052	114	3	0.18715
MAST3	6	0.88637	0.89614	0.999995	390	1	0.27145	0.12473	0.29499	0.90347	159	4	0.27145
VRK3	6	0.88955	0.89842	0.999995	391	1	0.27599	0.086725	0.22477	0.851848	128	4	0.27599
RIPK4	6	0.89018	0.89893	0.999995	392	1	0.23858	0.19985	0.40891	0.965238	208	3	0.23858
MAP2K4	6	0.89142	0.89972	0.999995	393	1	0.17357	0.024387	0.086462	0.797007	48	3	0.17357
MAK	6	0.89235	0.9003	0.999995	394	1	0.31981	0.028456	0.099113	0.797007	56	5	0.31981
CAMK4	6	0.89296	0.9007	0.999995	395	1	0.36731	0.01719	0.064776	0.797007	31	3	0.36731
MKNK2	6	0.89539	0.90231	0.999995	396	1	0.28379	0.095605	0.24235	0.881931	134	4	0.28379
GCK	6	0.89599	0.90261	0.999995	397	1	0.23654	0.057986	0.1698	0.815823	100	3	0.23654
CAMK1D	6	0.89718	0.90368	0.999995	398	1	0.40327	0.027914	0.097528	0.797007	54	4	0.40327
LRRK1	6	0.89777	0.90413	0.999995	399	1	0.49121	0.015369	0.058753	0.797007	28	5	0.49121
LCK	6	0.90436	0.9091	0.999995	400	1	0.073424	0.69256	0.81503	0.999995	357	2	0.073424
SRPK3	6	0.90492	0.90957	0.999995	401	1	0.39214	0.031623	0.10907	0.797007	61	4	0.39214
PTK2B	6	0.90519	0.90973	0.999995	402	1	0.30357	0.094036	0.23922	0.881323	133	4	0.30357
EPHB2	6	0.90711	0.91106	0.999995	403	1	0.36011	0.049905	0.15428	0.815823	88	4	0.36011
ULK1	6	0.90873	0.91235	0.999995	404	1	0.16556	0.11882	0.28459	0.894215	156	3	0.16556
CHUK	6	0.91112	0.91409	0.999995	405	1	0.33562	0.051209	0.15702	0.815823	91	4	0.33562
ICK	6	0.91217	0.91489	0.999995	406	1	0.30132	0.10204	0.25404	0.889666	140	4	0.30132
TNNI3K	6	0.91346	0.91583	0.999995	407	1	0.17192	0.3467	0.56548	0.999995	262	3	0.17192
MAP3K9	6	0.91397	0.91623	0.999995	408	1	0.0011437	0.96852	0.96827	0.999995	440	0	0.0011437
LATS1	6	0.91422	0.91637	0.999995	409	1	1.0388	6.0501e-06	2.4767e-05	0.004045	3	5	1.0388
TESK2	6	0.91574	0.9175	0.999995	410	1	-0.041912	0.24366	0.45655	0.985469	227	2	-0.041912
TIE1	6	0.91748	0.91904	0.999995	411	1	0.15588	0.29573	0.51273	0.999995	244	3	0.15588
CAMK2G	6	0.91895	0.92033	0.999995	412	1	0.40579	0.02029	0.073841	0.797007	39	5	0.40579
WNK3	6	0.92252	0.92336	0.999995	413	1	0.14073	0.66285	0.79534	0.999995	348	2	0.14073
RPS6KB2	6	0.92299	0.92375	0.999995	414	1	0.3198	0.037714	0.12696	0.797007	74	5	0.3198
CDK5	6	0.92686	0.92712	0.999995	415	1	0.087082	0.23665	0.44911	0.985469	222	3	0.087082
FGR	6	0.92731	0.92745	0.999995	416	1	0.53881	0.0032732	0.015955	0.503792	15	4	0.53881
DMPK	6	0.92885	0.92898	0.999995	417	1	0.26668	0.1067	0.26249	0.894215	144	4	0.26668
MAP3K2	6	0.93057	0.93089	0.999995	418	1	0.1842	0.066823	0.1866	0.831222	110	3	0.1842
KALRN	5	0.93306	0.93375	0.999995	419	0	0.39763	0.039047	0.11433	0.797007	79	3	0.39763
ROS1	6	0.93309	0.93345	0.999995	420	0	-0.10446	0.91549	0.9235	0.999995	414	1	-0.10446
CDC42BPA	6	0.93371	0.93411	0.999995	421	0	0.17543	0.36763	0.58714	0.999995	267	3	0.17543
IKBKB	6	0.93473	0.93525	0.999995	422	0	0.23358	0.089701	0.23061	0.862577	131	3	0.23358
EPHA5	6	0.93554	0.936	0.999995	423	0	0.079297	0.031698	0.10929	0.797007	62	2	0.079297
CDKL4	6	0.93693	0.93721	0.999995	424	0	0.038584	0.86821	0.89962	0.999995	396	1	0.038584
KIT	6	0.9383	0.93866	0.999995	425	0	0.20115	0.14602	0.33272	0.91062	177	3	0.20115
MYO3B	6	0.93907	0.9394	0.999995	426	0	0.19566	0.083292	0.21826	0.851848	125	3	0.19566
AURKC	6	0.94096	0.94147	0.999995	427	0	0.40534	0.05711	0.16832	0.815823	99	4	0.40534
STK32B	6	0.94243	0.94284	0.999995	428	0	0.46395	0.021558	0.077734	0.797007	42	4	0.46395
CDK20	6	0.9437	0.94425	0.999995	429	0	0.30077	0.019502	0.071434	0.797007	37	4	0.30077
AAK1	6	0.94406	0.94453	0.999995	430	0	0.16195	0.34901	0.56788	0.999995	263	3	0.16195
SRC	6	0.94599	0.94634	0.999995	431	0	0.19268	0.13035	0.30483	0.91062	164	4	0.19268
HUNK	6	0.94668	0.94699	0.999995	432	0	0.37873	0.025149	0.088899	0.797007	49	5	0.37873
MYLK4	6	0.94736	0.94765	0.999995	433	0	0.094289	0.377	0.59626	0.999995	270	3	0.094289
EPHA2	6	0.9487	0.94909	0.999995	434	0	0.22168	0.098148	0.24715	0.883973	138	4	0.22168
NTRK2	6	0.95146	0.95168	0.999995	435	0	0.355	0.068737	0.19051	0.833499	112	4	0.355
PRKD2	6	0.9524	0.95247	0.999995	436	0	0.23139	0.038287	0.12845	0.797007	76	5	0.23139
STK32A	6	0.95409	0.95402	0.999995	437	0	0.054827	0.2219	0.43284	0.985469	214	2	0.054827
TGFBR2	6	0.95439	0.9543	0.999995	438	0	0.33289	0.050745	0.15593	0.815823	90	4	0.33289
TYK2	12	0.95664	0.98189	0.999995	439	1	0.45203	0.0074026	0.041594	0.797007	20	7	0.45203
CDK17	6	0.9576	0.95733	0.999995	440	0	0.30104	0.025254	0.089266	0.797007	50	5	0.30104
PRKCQ	6	0.95816	0.95776	0.999995	441	0	0.086266	0.7701	0.86622	0.999995	380	1	0.086266
PRKCZ	6	0.95941	0.95925	0.999995	442	0	0.10509	0.40009	0.62008	0.999995	282	2	0.10509
SBK1	6	0.96035	0.96004	0.999995	443	0	0.38431	0.050324	0.15503	0.815823	89	4	0.38431
GSK3A	6	0.9618	0.96147	0.999995	444	0	0.06767	0.48476	0.68965	0.999995	310	1	0.06767
MAST4	6	0.96193	0.96161	0.999995	445	0	0.27354	0.14323	0.32771	0.91062	173	4	0.27354
LTK	6	0.96219	0.96193	0.999995	446	0	0.10855	0.016121	0.061101	0.797007	30	3	0.10855
PRKCA	6	0.96232	0.96206	0.999995	447	0	0.14668	0.16054	0.35819	0.915954	192	3	0.14668
TEK	6	0.96333	0.96316	0.999995	448	0	0.22376	0.020473	0.074366	0.797007	40	3	0.22376
ADCK4	6	0.96383	0.96367	0.999995	449	0	0.56996	0.0055509	0.025347	0.689995	17	4	0.56996
LMTK2	6	0.96396	0.96374	0.999995	450	0	0.32146	0.087411	0.226	0.851848	130	3	0.32146
STK32C	6	0.96796	0.96771	0.999995	451	0	0.44029	0.023608	0.084312	0.797007	46	5	0.44029
CDK16	6	0.96874	0.96851	0.999995	452	0	0.14555	0.2426	0.45537	0.985469	226	3	0.14555
MAP4K5	6	0.96917	0.9691	0.999995	453	0	0.256	0.076438	0.20544	0.837659	121	4	0.256
AXL	6	0.96928	0.96916	0.999995	454	0	0.17295	0.19569	0.4044	0.963863	206	2	0.17295
WEE2	6	0.96993	0.96973	0.999995	455	0	0.34506	0.037008	0.12507	0.797007	72	5	0.34506
BLK	6	0.97087	0.97072	0.999995	456	0	0.30985	0.12584	0.29682	0.90347	161	4	0.30985
SIK1	6	0.97097	0.97087	0.999995	457	0	0.057505	0.59899	0.75589	0.999995	331	2	0.057505
MARK3	6	0.97179	0.97163	0.999995	458	0	0.19977	0.19652	0.40522	0.963863	207	3	0.19977
CLK3	6	0.97189	0.97172	0.999995	459	0	0.38273	0.055978	0.16636	0.815823	96	4	0.38273
LIMK1	6	0.97268	0.97249	0.999995	460	0	0.24921	0.31627	0.535	0.999995	253	3	0.24921
ARAF	6	0.97403	0.97389	0.999995	461	0	0.17501	0.060007	0.1737	0.815823	104	4	0.17501
MAP2K5	6	0.97468	0.97456	0.999995	462	0	0.45541	0.019359	0.071067	0.797007	36	5	0.45541
PHKG1	6	0.97505	0.9749	0.999995	463	0	0.28642	0.058291	0.17029	0.815823	101	4	0.28642
SBK3	6	0.97782	0.97775	0.999995	464	0	0.31091	0.073456	0.20004	0.837052	118	4	0.31091
BRSK1	6	0.97823	0.97809	0.999995	465	0	0.11087	0.75525	0.85921	0.999995	374	1	0.11087
FRK	6	0.97871	0.97862	0.999995	466	0	0.41128	0.04403	0.14137	0.815823	83	4	0.41128
STK38	6	0.97895	0.97893	0.999995	467	0	0.20218	0.034013	0.11617	0.797007	67	5	0.20218
PDGFRB	6	0.97973	0.97963	0.999995	468	0	0.30663	0.13612	0.31512	0.91062	168	4	0.30663
HIPK2	6	0.98026	0.98022	0.999995	469	0	0.40781	0.029137	0.10112	0.797007	57	4	0.40781
EIF2AK1	6	0.98171	0.98153	0.999995	470	0	0.34266	0.012763	0.050173	0.797007	25	3	0.34266
Rosa26	1	0.98242	0.98247	0.999995	471	0	1.1632	0.017576	0.017758	0.51185	33	1	1.1632
SGK1	6	0.98274	0.98263	0.999995	472	0	0.086859	0.36717	0.58651	0.999995	266	2	0.086859
ZAK	6	0.98471	0.98482	0.999995	473	0	0.25285	0.0063632	0.028339	0.718568	18	5	0.25285
STK38L	6	0.98571	0.98577	0.999995	474	0	0.42319	0.014035	0.054205	0.797007	27	5	0.42319
TAOK1	6	0.98638	0.98651	0.999995	475	0	0.54185	0.0066196	0.029329	0.718568	19	5	0.54185
ADRBK1	6	0.98745	0.98762	0.999995	476	0	0.42095	0.037289	0.12582	0.797007	73	5	0.42095
SIK2	6	0.9875	0.98765	0.999995	477	0	0.17836	0.14891	0.33771	0.91062	181	4	0.17836
MAPKAPK3	6	0.9879	0.98804	0.999995	478	0	0.3835	0.023626	0.084372	0.797007	47	5	0.3835
CDKL5	6	0.99099	0.99098	0.999995	479	0	0.24335	0.12579	0.29672	0.90347	160	4	0.24335
SNRK	6	0.99309	0.99283	0.999995	480	0	1.0024	5.167e-05	0.00028235	0.034587	4	5	1.0024
CASK	6	0.99343	0.99314	0.999995	481	0	0.3298	0.026526	0.093476	0.797007	52	3	0.3298
TRIB3	6	0.99422	0.99385	0.999995	482	0	0.24767	0.13847	0.3192	0.91062	171	4	0.24767
RAF1	6	0.99531	0.99509	0.999995	483	0	0.27017	0.011757	0.046627	0.797007	24	5	0.27017
PRKG2	6	0.99663	0.99642	0.999995	484	0	0.41138	0.0033675	0.01645	0.503792	16	6	0.41138
EIF2AK4	12	0.99769	0.99767	0.999995	485	0	0.15395	0.15129	0.41255	0.967216	182	7	0.15395
IRAK2	6	0.99816	0.99797	0.999995	486	0	0.6937	0.0018393	0.0094363	0.396642	12	6	0.6937
MLKL	6	0.9983	0.99812	0.999995	487	0	0.56223	0.001699	0.0085843	0.396642	11	6	0.56223
DSTYK	6	0.99881	0.9987	0.999995	488	0	0.35759	0.0011942	0.006068	0.396642	7	6	0.35759
CONTROL	50	0.9996	1.0	0.999995	489	5	0.45751	6.1637e-09	4.9534e-06	0.001214	1	37	0.45751
TTBK2	6	1.0	1.0	0.999995	490	0	1.2419	3.0524e-08	4.9534e-06	0.001214	2	6	1.2419
