GENE	sumZ	numObs	normZ	pval_synth	rank_synth	fdr_synth	pval_supp	rank_supp	fdr_supp
PRKCG	-8.89	6	-3.30	0.000483	1	0.218	1	490	1
AMHR2	-8.34	6	-3.09	0.00101	2	0.218	0.999	489	1
RIOK1	-7.42	5	-3.00	0.00134	3	0.218	0.999	488	1
RPL9	-5.24	3	-2.72	0.00325	4	0.398	0.997	487	1
PLK1	-5.77	4	-2.59	0.00478	5	0.469	0.995	486	1
CDC42BPB	-6.83	6	-2.50	0.00622	6	0.495	0.994	485	1
CDK7	-5.48	4	-2.45	0.00708	7	0.495	0.993	484	1
PTK2	-6.32	6	-2.30	0.0107	8	0.658	0.989	483	1
CDK17	-5.91	6	-2.14	0.0163	9	0.797	0.984	482	1
HIPK3	-5.28	5	-2.09	0.0183	10	0.797	0.982	481	1
EPHA6	-5.73	6	-2.07	0.0193	11	0.797	0.981	480	1
POLR2A	-4.99	5	-1.97	0.0246	12	0.797	0.975	479	0.998
MTOR	-4.91	5	-1.93	0.0268	13	0.797	0.973	478	0.998
MKNK1	-5.34	6	-1.92	0.0276	14	0.797	0.972	477	0.998
RNASEL	-5.29	6	-1.90	0.0289	15	0.797	0.971	476	0.998
MYO3A	-5.27	6	-1.89	0.0295	16	0.797	0.97	475	0.998
PCNA	-3.03	2	-1.88	0.0301	17	0.797	0.97	474	0.998
GSG2	-5.23	6	-1.87	0.0304	18	0.797	0.97	473	0.998
PAK6	-5.11	6	-1.83	0.0339	19	0.797	0.966	472	0.998
SGK1	-5.08	6	-1.82	0.0347	20	0.797	0.965	471	0.998
MOS	-4.61	5	-1.81	0.0355	21	0.797	0.964	470	0.998
EIF2AK2	-4.98	6	-1.78	0.0378	22	0.797	0.962	469	0.998
RAF1	-4.92	6	-1.75	0.04	23	0.797	0.96	468	0.998
GRK6	-4.90	6	-1.75	0.0404	24	0.797	0.96	467	0.998
SMG1	-4.46	5	-1.74	0.0408	25	0.797	0.959	466	0.998
CDK6	-4.81	6	-1.71	0.0436	26	0.797	0.956	465	0.998
ACVR2A	-4.80	6	-1.71	0.0439	27	0.797	0.956	464	0.998
MAPKAPK5	-4.71	6	-1.67	0.0472	28	0.805	0.953	463	0.998
BUB1B	-4.70	6	-1.67	0.0476	29	0.805	0.952	462	0.998
NEK10	-4.59	6	-1.63	0.0521	30	0.847	0.948	461	0.998
MAP2K1	-4.13	5	-1.60	0.0548	31	0.847	0.945	460	0.998
STKLD1	-4.52	6	-1.60	0.0553	32	0.847	0.945	459	0.998
PRKDC	-3.93	5	-1.51	0.0652	33	0.902	0.935	458	0.998
DMPK	-4.27	6	-1.50	0.067	34	0.902	0.933	457	0.998
LRRK1	-4.15	6	-1.45	0.0734	35	0.902	0.927	456	0.996
NRK	-4.05	6	-1.41	0.0789	36	0.902	0.921	455	0.992
PRKCA	-4.02	6	-1.40	0.0804	37	0.902	0.92	454	0.992
AKT1	-4.01	6	-1.40	0.0809	38	0.902	0.919	453	0.992
PLK4	-3.64	5	-1.39	0.0827	39	0.902	0.917	452	0.992
PIK3R4	-3.24	4	-1.38	0.0836	40	0.902	0.916	451	0.992
BTK	-3.94	6	-1.37	0.085	41	0.902	0.915	450	0.992
TSSK3	-3.91	6	-1.36	0.087	42	0.902	0.913	449	0.992
UHMK1	-3.89	6	-1.35	0.0881	43	0.902	0.912	448	0.992
SGK3	-3.83	6	-1.33	0.0923	44	0.902	0.908	447	0.992
MAP4K4	-3.80	6	-1.32	0.0941	45	0.902	0.906	446	0.992
GSK3A	-3.76	6	-1.30	0.0964	46	0.902	0.904	445	0.992
OBSCN	-5.31	12	-1.30	0.0972	47	0.902	0.903	444	0.992
ULK4	-3.72	6	-1.29	0.0991	48	0.902	0.901	443	0.992
PLK2	-3.70	6	-1.28	0.101	49	0.902	0.899	442	0.992
FER	-3.69	6	-1.27	0.101	50	0.902	0.899	441	0.992
FES	-3.67	6	-1.26	0.103	51	0.902	0.897	440	0.992
MARK2	-3.66	6	-1.26	0.104	52	0.902	0.896	439	0.992
AAK1	-3.63	6	-1.25	0.105	53	0.902	0.895	438	0.992
CAMK4	-3.61	6	-1.24	0.107	54	0.902	0.893	437	0.992
PRKCH	-3.58	6	-1.23	0.109	55	0.902	0.891	436	0.992
PKN2	-3.57	6	-1.23	0.11	56	0.902	0.89	435	0.992
PKMYT1	-2.88	4	-1.21	0.113	57	0.902	0.887	434	0.992
EIF2AK4	-4.99	12	-1.21	0.113	58	0.902	0.887	433	0.992
CAMK2A	-3.52	6	-1.21	0.114	59	0.902	0.886	432	0.992
ICK	-3.52	6	-1.21	0.114	60	0.902	0.886	431	0.992
CAMK1D	-3.47	6	-1.19	0.117	61	0.902	0.883	430	0.992
ADCK5	-3.42	6	-1.17	0.121	62	0.902	0.879	429	0.992
BRSK1	-3.42	6	-1.17	0.122	63	0.902	0.878	428	0.992
STK3	-3.39	6	-1.16	0.124	64	0.902	0.876	427	0.992
CSNK1A1	-3.08	5	-1.15	0.125	65	0.902	0.875	426	0.992
FRK	-3.36	6	-1.15	0.126	66	0.902	0.874	425	0.992
TESK2	-3.33	6	-1.13	0.128	67	0.902	0.872	424	0.992
GAK	-3.33	6	-1.13	0.129	68	0.902	0.871	423	0.992
NEK6	-3.33	6	-1.13	0.129	69	0.902	0.871	422	0.992
CDC42BPA	-3.32	6	-1.13	0.129	70	0.902	0.871	421	0.992
ACVR1B	-3.30	6	-1.12	0.131	71	0.902	0.869	420	0.992
CDK10	-3.26	6	-1.11	0.134	72	0.902	0.866	419	0.992
ARAF	-3.26	6	-1.11	0.134	73	0.902	0.866	418	0.992
IGF1R	-3.15	6	-1.06	0.144	74	0.95	0.856	417	0.992
TTN	-3.13	6	-1.06	0.145	75	0.95	0.855	416	0.992
RPS6KL1	-3.11	6	-1.05	0.148	76	0.952	0.852	415	0.992
TYRO3	-3.06	6	-1.03	0.152	77	0.956	0.848	414	0.992
SRMS	-3.06	6	-1.03	0.152	78	0.956	0.848	413	0.992
RET	-3.04	6	-1.02	0.154	79	0.956	0.846	412	0.992
NTRK3	-2.98	6	-1.00	0.159	80	0.956	0.841	411	0.992
RPS6KA3	-4.19	12	-0.99	0.161	81	0.956	0.839	410	0.992
ULK1	-2.94	6	-0.98	0.163	82	0.956	0.837	409	0.992
PRKAA1	-2.94	6	-0.98	0.164	83	0.956	0.836	408	0.992
TRIB2	-2.63	5	-0.96	0.169	84	0.956	0.831	407	0.992
AATK	-2.87	6	-0.95	0.17	85	0.956	0.83	406	0.992
FGFR2	-2.85	6	-0.95	0.172	86	0.956	0.828	405	0.992
CSNK2A1	-2.58	5	-0.94	0.174	87	0.956	0.826	404	0.992
RIPK2	-2.81	6	-0.93	0.176	88	0.956	0.824	403	0.992
PSKH1	-2.80	6	-0.93	0.177	89	0.956	0.823	402	0.992
CONTROL	-8.07	50	-0.92	0.178	90	0.956	0.822	401	0.992
CDK18	-2.79	6	-0.92	0.178	91	0.956	0.822	400	0.992
PDK1	-2.26	4	-0.91	0.18	92	0.959	0.82	399	0.992
TSSK1B	-2.71	6	-0.89	0.186	93	0.961	0.814	398	0.992
AKT2	-2.69	6	-0.88	0.188	94	0.961	0.812	397	0.992
MAP3K3	-2.67	6	-0.88	0.191	95	0.961	0.809	396	0.992
IRAK3	-2.66	6	-0.87	0.191	96	0.961	0.809	395	0.992
MYLK2	-2.63	6	-0.86	0.195	97	0.961	0.805	394	0.992
ERBB4	-2.62	6	-0.86	0.196	98	0.961	0.804	393	0.992
PTK6	-2.61	6	-0.85	0.197	99	0.961	0.803	392	0.992
CHUK	-2.60	6	-0.85	0.198	100	0.961	0.802	391	0.992
TRPM6	-2.60	6	-0.85	0.199	101	0.961	0.801	390	0.992
MAP4K1	-2.58	6	-0.84	0.2	102	0.961	0.8	389	0.992
YES1	-2.56	6	-0.83	0.203	103	0.964	0.797	388	0.992
NPR1	-2.48	6	-0.80	0.212	104	0.964	0.788	387	0.992
EPHA1	-2.47	6	-0.80	0.212	105	0.964	0.788	386	0.992
MINK1	-2.44	6	-0.79	0.215	106	0.964	0.785	385	0.992
GUCY2D	-2.44	6	-0.79	0.216	107	0.964	0.784	384	0.992
CAMK1G	-2.43	6	-0.78	0.217	108	0.964	0.783	383	0.992
NUAK1	-2.38	6	-0.76	0.223	109	0.964	0.777	382	0.992
TNK2	-2.38	6	-0.76	0.223	110	0.964	0.777	381	0.992
EPHA7	-2.36	6	-0.76	0.225	111	0.964	0.775	380	0.992
MAPKAPK2	-2.36	6	-0.76	0.225	112	0.964	0.775	379	0.992
MOK	-2.35	6	-0.75	0.226	113	0.964	0.774	378	0.992
TAOK3	-2.29	6	-0.73	0.233	114	0.964	0.767	377	0.992
DCLK2	-2.28	6	-0.72	0.234	115	0.964	0.766	376	0.992
ABL1	-2.28	6	-0.72	0.235	116	0.964	0.765	375	0.992
EPHA10	-2.24	6	-0.71	0.239	117	0.964	0.761	374	0.992
PRKACB	-2.23	6	-0.70	0.241	118	0.964	0.759	373	0.992
FGR	-2.23	6	-0.70	0.241	119	0.964	0.759	372	0.992
ABL2	-2.22	6	-0.70	0.241	120	0.964	0.759	371	0.992
TIE1	-2.22	6	-0.70	0.242	121	0.964	0.758	370	0.992
MAP3K6	-2.21	6	-0.70	0.243	122	0.964	0.757	369	0.992
FLT1	-2.20	6	-0.69	0.244	123	0.964	0.756	368	0.992
AK1	-2.20	6	-0.69	0.244	124	0.964	0.756	367	0.992
RPS6KA5	-3.03	12	-0.67	0.251	125	0.974	0.749	366	0.992
CDKL3	-2.10	6	-0.65	0.256	126	0.974	0.744	365	0.992
STK19	-2.10	6	-0.65	0.256	127	0.974	0.744	364	0.992
MARK3	-2.10	6	-0.65	0.257	128	0.974	0.743	363	0.992
CLK4	-2.09	6	-0.65	0.258	129	0.974	0.742	362	0.992
LIMK2	-2.06	6	-0.64	0.262	130	0.974	0.738	361	0.992
ULK3	-1.98	6	-0.61	0.272	131	0.974	0.728	360	0.991
MERTK	-1.96	6	-0.60	0.275	132	0.974	0.725	359	0.99
MAP3K9	-1.95	6	-0.60	0.276	133	0.974	0.724	358	0.99
STK10	-1.92	6	-0.58	0.28	134	0.974	0.72	357	0.988
PHKG2	-1.90	6	-0.58	0.282	135	0.974	0.718	356	0.988
RIOK2	-1.72	5	-0.57	0.285	136	0.974	0.715	355	0.987
MAPK1	-1.87	6	-0.56	0.287	137	0.974	0.713	354	0.987
PRKD3	-1.85	6	-0.56	0.289	138	0.974	0.711	353	0.987
EEF2K	-1.82	6	-0.55	0.293	139	0.974	0.707	352	0.984
DAPK1	-1.72	6	-0.51	0.307	140	0.974	0.693	351	0.968
RPA3	-1.19	3	-0.49	0.311	141	0.974	0.689	350	0.964
RPS6KB1	-1.68	6	-0.49	0.312	142	0.974	0.688	349	0.964
STK26	-1.68	6	-0.49	0.312	143	0.974	0.688	348	0.964
AXL	-1.67	6	-0.48	0.314	144	0.974	0.686	347	0.964
JAK1	-2.36	12	-0.48	0.314	145	0.974	0.686	346	0.964
PDK3	-1.65	6	-0.48	0.317	146	0.974	0.683	345	0.964
RPS6KA2	-2.33	12	-0.48	0.317	147	0.974	0.683	344	0.964
SLK	-1.61	6	-0.46	0.321	148	0.974	0.679	343	0.964
BMPR2	-1.58	6	-0.45	0.326	149	0.974	0.674	342	0.964
PRKCZ	-1.57	6	-0.45	0.328	150	0.974	0.672	341	0.964
HIPK4	-1.56	6	-0.44	0.329	151	0.974	0.671	340	0.964
EGFR	-1.55	6	-0.44	0.33	152	0.974	0.67	339	0.964
LMTK2	-1.54	6	-0.43	0.332	153	0.974	0.668	338	0.964
BCR	-1.54	6	-0.43	0.332	154	0.974	0.668	337	0.964
AKT3	-1.53	6	-0.43	0.332	155	0.974	0.668	336	0.964
VRK1	-1.49	6	-0.42	0.339	156	0.974	0.661	335	0.964
PRKACG	-1.48	6	-0.41	0.34	157	0.974	0.66	334	0.964
STK24	-1.47	6	-0.41	0.341	158	0.974	0.659	333	0.964
TTBK2	-1.47	6	-0.41	0.341	159	0.974	0.659	332	0.964
PDGFRA	-1.44	6	-0.40	0.346	160	0.974	0.654	331	0.964
TAOK2	-1.43	6	-0.39	0.348	161	0.974	0.652	330	0.964
NUAK2	-1.40	6	-0.38	0.351	162	0.974	0.649	329	0.964
MAST4	-1.40	6	-0.38	0.351	163	0.974	0.649	328	0.964
TSSK4	-1.40	6	-0.38	0.351	164	0.974	0.649	327	0.964
RYK	-1.39	6	-0.38	0.352	165	0.974	0.648	326	0.964
ANKK1	-1.38	6	-0.37	0.355	166	0.974	0.645	325	0.964
KDR	-1.34	6	-0.36	0.36	167	0.974	0.64	324	0.964
KIAA1804	-1.34	6	-0.36	0.361	168	0.974	0.639	323	0.964
LIMK1	-1.33	6	-0.35	0.362	169	0.974	0.638	322	0.964
MAPK14	-1.33	6	-0.35	0.362	170	0.974	0.638	321	0.964
TTBK1	-1.30	6	-0.34	0.367	171	0.974	0.633	320	0.964
DYRK3	-1.29	6	-0.34	0.368	172	0.974	0.632	319	0.964
Rosa26	-0.52	1	-0.33	0.369	173	0.974	0.631	318	0.964
ACVR1	-1.28	6	-0.33	0.37	174	0.974	0.63	317	0.964
MKNK2	-1.26	6	-0.33	0.373	175	0.974	0.627	316	0.964
MST1R	-1.25	6	-0.32	0.373	176	0.974	0.627	315	0.964
TEX14	-1.25	6	-0.32	0.374	177	0.974	0.626	314	0.964
SCYL1	-1.24	6	-0.32	0.375	178	0.974	0.625	313	0.964
MYLK3	-1.22	6	-0.31	0.378	179	0.974	0.622	312	0.964
CLK2	-1.22	6	-0.31	0.378	180	0.974	0.622	311	0.964
CDK20	-1.21	6	-0.31	0.38	181	0.974	0.62	310	0.964
PAK4	-1.19	6	-0.30	0.382	182	0.974	0.618	309	0.964
TRPM7	-1.18	6	-0.30	0.383	183	0.974	0.617	308	0.964
PDPK1	-1.07	5	-0.29	0.384	184	0.974	0.616	307	0.964
CDK13	-1.17	6	-0.29	0.386	185	0.974	0.614	306	0.964
MAPK8	-1.16	6	-0.29	0.387	186	0.974	0.613	305	0.964
NEK3	-1.14	6	-0.28	0.39	187	0.974	0.61	304	0.964
POLR2D	-0.46	1	-0.27	0.393	188	0.974	0.607	303	0.964
CAMKV	-1.12	6	-0.27	0.393	189	0.974	0.607	302	0.964
BMP2K	-1.10	6	-0.26	0.396	190	0.974	0.604	301	0.964
MAP3K5	-1.08	6	-0.26	0.398	191	0.974	0.602	300	0.964
MAPK10	-1.08	6	-0.25	0.399	192	0.974	0.601	299	0.964
MARK4	-1.08	6	-0.25	0.4	193	0.974	0.6	298	0.964
TNNI3K	-1.07	6	-0.25	0.401	194	0.974	0.599	297	0.964
MAP3K4	-1.07	6	-0.25	0.401	195	0.974	0.599	296	0.964
CAMK2D	-1.04	6	-0.24	0.405	196	0.974	0.595	295	0.964
PRKCI	-1.02	6	-0.23	0.408	197	0.974	0.592	294	0.964
BRSK2	-1.01	6	-0.23	0.41	198	0.974	0.59	293	0.964
SCYL3	-0.99	6	-0.22	0.413	199	0.974	0.587	292	0.964
PAK7	-0.97	6	-0.21	0.416	200	0.974	0.584	291	0.964
CDK11A	-0.88	5	-0.21	0.416	201	0.974	0.584	290	0.964
HCK	-0.97	6	-0.21	0.416	202	0.974	0.584	289	0.964
CASK	-0.96	6	-0.21	0.417	203	0.974	0.583	288	0.964
HIPK2	-0.90	6	-0.19	0.426	204	0.974	0.574	287	0.964
TBK1	-0.88	6	-0.18	0.429	205	0.974	0.571	286	0.964
STK4	-0.88	6	-0.18	0.429	206	0.974	0.571	285	0.964
MAP3K10	-0.87	6	-0.17	0.431	207	0.974	0.569	284	0.964
PRKG2	-0.87	6	-0.17	0.431	208	0.974	0.569	283	0.964
STK38	-0.86	6	-0.17	0.433	209	0.974	0.567	282	0.964
LMTK3	-0.82	6	-0.15	0.439	210	0.974	0.561	281	0.964
CDK4	-0.81	6	-0.15	0.44	211	0.974	0.56	280	0.964
PTK2B	-0.77	6	-0.13	0.446	212	0.974	0.554	279	0.964
INSR	-0.75	6	-0.13	0.449	213	0.974	0.551	278	0.964
RIOK3	-0.74	6	-0.13	0.45	214	0.974	0.55	277	0.964
PLK3	-0.73	6	-0.12	0.453	215	0.974	0.547	276	0.964
ADRBK2	-0.72	6	-0.12	0.453	216	0.974	0.547	275	0.964
SIK1	-0.71	6	-0.11	0.456	217	0.974	0.544	274	0.964
CDC42BPG	-0.66	6	-0.09	0.463	218	0.974	0.537	273	0.963
MAPK15	-0.66	6	-0.09	0.464	219	0.974	0.536	272	0.963
IRAK4	-0.64	6	-0.08	0.466	220	0.974	0.534	271	0.963
FGFR4	-0.64	6	-0.08	0.466	221	0.974	0.534	270	0.963
CAMK1	-0.64	6	-0.08	0.466	222	0.974	0.534	269	0.963
STYK1	-0.63	6	-0.08	0.468	223	0.974	0.532	268	0.963
TEC	-0.61	6	-0.07	0.471	224	0.974	0.529	267	0.963
DYRK1B	-0.60	6	-0.07	0.473	225	0.974	0.527	266	0.963
DYRK1A	-0.56	6	-0.05	0.478	226	0.974	0.522	265	0.963
SYK	-0.54	6	-0.05	0.481	227	0.974	0.519	264	0.963
SIK3	-0.50	6	-0.03	0.488	228	0.974	0.512	263	0.955
SRPK3	-0.49	6	-0.03	0.489	229	0.974	0.511	262	0.955
TNK1	-0.48	6	-0.02	0.491	230	0.974	0.509	261	0.955
EPHA2	-0.45	6	-0.01	0.495	231	0.974	0.505	260	0.951
RPS6KA6	-0.62	12	-0.01	0.498	232	0.974	0.502	259	0.95
TESK1	-0.43	6	-0.00	0.498	233	0.974	0.502	258	0.95
POMK	-0.34	4	0.00	0.502	234	0.974	0.498	257	0.95
SNRK	-0.41	6	0.00	0.502	235	0.974	0.498	256	0.95
LRRK2	-0.39	6	0.01	0.506	236	0.974	0.494	255	0.95
VRK3	-0.39	6	0.01	0.506	237	0.974	0.494	254	0.95
MAP2K6	-0.35	6	0.03	0.511	238	0.974	0.489	253	0.947
ALK	-0.35	6	0.03	0.512	239	0.974	0.488	252	0.947
CHEK2	-0.33	6	0.04	0.515	240	0.974	0.485	251	0.947
MYO3B	-0.30	6	0.05	0.518	241	0.974	0.482	250	0.944
EPHB2	-0.30	6	0.05	0.52	242	0.974	0.48	249	0.944
AURKC	-0.30	6	0.05	0.52	243	0.974	0.48	248	0.944
ERBB2	-0.29	6	0.05	0.521	244	0.974	0.479	247	0.944
CDK5	-0.27	6	0.06	0.523	245	0.974	0.477	246	0.944
CDK3	-0.26	6	0.06	0.525	246	0.974	0.475	245	0.944
FLT4	-0.25	6	0.07	0.526	247	0.974	0.474	244	0.944
MAP3K2	-0.23	6	0.08	0.531	248	0.974	0.469	243	0.944
RPS6KB2	-0.23	6	0.08	0.531	249	0.974	0.469	242	0.944
RIPK3	-0.21	6	0.08	0.532	250	0.974	0.468	241	0.944
PRKACA	-0.20	6	0.09	0.535	251	0.974	0.465	240	0.944
MUSK	-0.19	6	0.09	0.536	252	0.974	0.464	239	0.944
ITK	-0.19	6	0.09	0.536	253	0.974	0.464	238	0.944
PRKG1	-0.18	6	0.09	0.537	254	0.974	0.463	237	0.944
KIT	-0.17	6	0.10	0.54	255	0.974	0.46	236	0.944
CDKL4	-0.15	6	0.11	0.542	256	0.974	0.458	235	0.944
ROS1	-0.15	6	0.11	0.542	257	0.974	0.458	234	0.944
AK3	-0.14	6	0.11	0.544	258	0.974	0.456	233	0.944
PRKD2	-0.14	6	0.11	0.544	259	0.974	0.456	232	0.944
KALRN	-0.12	5	0.11	0.545	260	0.974	0.455	231	0.944
PHKG1	-0.11	6	0.12	0.548	261	0.974	0.452	230	0.944
PRKCQ	-0.09	5	0.13	0.55	262	0.974	0.45	229	0.944
SBK1	-0.10	6	0.13	0.55	263	0.974	0.45	228	0.944
CDK9	-0.09	8	0.13	0.553	264	0.974	0.447	227	0.944
STK33	-0.07	6	0.14	0.555	265	0.974	0.445	226	0.944
ROR1	-0.07	6	0.14	0.555	266	0.974	0.445	225	0.944
HIPK1	-0.03	6	0.15	0.561	267	0.974	0.439	224	0.944
BRAF	0.01	6	0.17	0.566	268	0.974	0.434	223	0.944
SPEG	0.02	12	0.17	0.568	269	0.974	0.432	222	0.944
WNK2	0.07	6	0.19	0.576	270	0.974	0.424	221	0.941
FASTK	0.07	6	0.19	0.577	271	0.974	0.423	220	0.941
WNK1	0.08	6	0.20	0.578	272	0.974	0.422	219	0.941
CDK11B	0.08	5	0.20	0.579	273	0.974	0.421	218	0.941
CAMK2G	0.09	6	0.20	0.58	274	0.974	0.42	217	0.941
KSR1	0.10	6	0.20	0.581	275	0.974	0.419	216	0.941
ROCK1	0.11	6	0.21	0.582	276	0.974	0.418	215	0.941
PRKCE	0.11	6	0.21	0.582	277	0.974	0.418	214	0.941
DYRK2	0.12	6	0.21	0.584	278	0.974	0.416	213	0.941
ADCK4	0.13	6	0.22	0.586	279	0.974	0.414	212	0.941
NIM1K	0.15	6	0.22	0.588	280	0.974	0.412	211	0.941
WEE1	0.14	4	0.23	0.591	281	0.974	0.409	210	0.941
ZAP70	0.17	6	0.23	0.592	282	0.974	0.408	209	0.941
MAP2K4	0.17	6	0.23	0.592	283	0.974	0.408	208	0.941
BMPR1A	0.19	6	0.24	0.594	284	0.974	0.406	207	0.941
MAST2	0.20	6	0.24	0.596	285	0.974	0.404	206	0.941
BLK	0.23	6	0.26	0.601	286	0.974	0.399	205	0.941
PRKCD	0.24	6	0.26	0.602	287	0.974	0.398	204	0.941
TSSK2	0.25	6	0.26	0.604	288	0.974	0.396	203	0.941
PKN1	0.25	6	0.26	0.604	289	0.974	0.396	202	0.941
CSK	0.26	6	0.27	0.606	290	0.974	0.394	201	0.941
LATS1	0.28	6	0.27	0.607	291	0.974	0.393	200	0.941
EPHA5	0.28	6	0.27	0.608	292	0.974	0.392	199	0.941
CDK14	0.28	6	0.27	0.608	293	0.974	0.392	198	0.941
RPS6KA4	0.40	12	0.28	0.608	294	0.974	0.392	197	0.941
PASK	0.30	6	0.28	0.611	295	0.974	0.389	196	0.941
NEK1	0.30	6	0.28	0.611	296	0.974	0.389	195	0.941
BUB1	0.32	6	0.29	0.615	297	0.974	0.385	194	0.941
MAP2K3	0.33	6	0.29	0.615	298	0.974	0.385	193	0.941
NTRK2	0.33	6	0.29	0.616	299	0.974	0.384	192	0.941
PIM2	0.33	6	0.29	0.616	300	0.974	0.384	191	0.941
EPHA4	0.36	6	0.30	0.619	301	0.974	0.381	190	0.941
MYLK4	0.37	6	0.31	0.621	302	0.974	0.379	189	0.941
MATK	0.37	6	0.31	0.622	303	0.974	0.378	188	0.941
NPR2	0.39	6	0.32	0.625	304	0.974	0.375	187	0.941
MAPKAPK3	0.40	6	0.32	0.626	305	0.974	0.374	186	0.941
PIM3	0.40	6	0.32	0.626	306	0.974	0.374	185	0.941
ACVR1C	0.44	6	0.34	0.631	307	0.974	0.369	184	0.941
STK31	0.45	6	0.34	0.633	308	0.974	0.367	183	0.941
MAPK3	0.44	5	0.35	0.638	309	0.974	0.362	182	0.941
ADRBK1	0.48	6	0.35	0.638	310	0.974	0.362	181	0.941
ADCK3	0.51	6	0.36	0.642	311	0.974	0.358	180	0.941
PINK1	0.51	6	0.37	0.643	312	0.974	0.357	179	0.941
NEK8	0.54	6	0.38	0.646	313	0.974	0.354	178	0.941
ILK	0.54	6	0.38	0.647	314	0.974	0.353	177	0.941
KSR2	0.57	6	0.39	0.65	315	0.974	0.35	176	0.941
MAP4K5	0.57	6	0.39	0.651	316	0.974	0.349	175	0.941
FLT3	0.58	6	0.39	0.652	317	0.974	0.348	174	0.941
DCLK1	0.59	6	0.39	0.653	318	0.974	0.347	173	0.941
CSNK1G3	0.60	6	0.40	0.655	319	0.974	0.345	172	0.941
JAK2	0.88	12	0.41	0.658	320	0.974	0.342	171	0.941
PNCK	0.64	6	0.41	0.661	321	0.974	0.339	170	0.941
MARK1	0.64	6	0.41	0.661	322	0.974	0.339	169	0.941
NEK7	0.66	6	0.42	0.664	323	0.974	0.336	168	0.941
STK36	0.67	6	0.43	0.665	324	0.974	0.335	167	0.941
MAPK11	0.67	6	0.43	0.665	325	0.974	0.335	166	0.941
ERN1	0.67	6	0.43	0.666	326	0.974	0.334	165	0.941
SBK2	0.68	6	0.43	0.666	327	0.974	0.334	164	0.941
STK32C	0.70	6	0.44	0.669	328	0.974	0.331	163	0.941
EIF2AK3	0.71	6	0.44	0.671	329	0.974	0.329	162	0.941
MAP2K2	0.73	6	0.45	0.673	330	0.974	0.327	161	0.941
WNK4	0.77	6	0.46	0.679	331	0.974	0.321	160	0.941
PAK1	0.79	6	0.47	0.681	332	0.974	0.319	159	0.941
MAP3K13	0.79	6	0.47	0.682	333	0.974	0.318	158	0.941
AK2	0.81	6	0.48	0.684	334	0.974	0.316	157	0.941
TBCK	0.82	6	0.49	0.687	335	0.974	0.313	156	0.941
EPHB6	0.82	6	0.49	0.687	336	0.974	0.313	155	0.941
EPHA8	0.84	6	0.49	0.688	337	0.974	0.312	154	0.941
NEK5	0.85	6	0.50	0.69	338	0.974	0.31	153	0.941
CSNK1G2	0.86	6	0.50	0.692	339	0.974	0.308	152	0.941
MAST1	0.88	6	0.51	0.695	340	0.974	0.305	151	0.941
WNK3	0.95	6	0.53	0.703	341	0.974	0.297	150	0.941
PTK7	0.95	6	0.54	0.704	342	0.974	0.296	149	0.941
CSNK1D	0.98	6	0.55	0.707	343	0.974	0.293	148	0.941
STK11	0.98	6	0.55	0.708	344	0.974	0.292	147	0.941
ROCK2	0.99	6	0.55	0.709	345	0.974	0.291	146	0.941
PRKD1	1.03	6	0.57	0.714	346	0.974	0.286	145	0.941
NEK11	1.03	6	0.57	0.715	347	0.974	0.285	144	0.941
ADCK1	1.03	6	0.57	0.715	348	0.974	0.285	143	0.941
TLK2	0.96	5	0.57	0.717	349	0.974	0.283	142	0.941
CDK2	0.74	3	0.57	0.717	350	0.974	0.283	141	0.941
DDR2	1.11	6	0.60	0.725	351	0.974	0.275	140	0.941
MAP3K1	1.13	6	0.61	0.728	352	0.974	0.272	139	0.941
MET	1.17	6	0.62	0.733	353	0.974	0.267	138	0.941
LYN	1.17	6	0.62	0.733	354	0.974	0.267	137	0.941
NTRK1	1.18	6	0.62	0.734	355	0.974	0.266	136	0.941
GCK	1.19	6	0.63	0.736	356	0.974	0.264	135	0.941
CHEK1	0.51	1	0.65	0.743	357	0.974	0.257	134	0.94
MAPK13	1.28	6	0.66	0.747	358	0.974	0.253	133	0.933
SCYL2	1.30	6	0.67	0.749	359	0.974	0.251	132	0.931
STRADA	1.31	6	0.68	0.75	360	0.974	0.25	131	0.931
ERBB3	1.33	6	0.68	0.753	361	0.974	0.247	130	0.93
IRAK1	1.33	6	0.69	0.753	362	0.974	0.247	129	0.93
TAOK1	1.38	6	0.70	0.759	363	0.974	0.241	128	0.921
NLK	1.28	5	0.71	0.762	364	0.974	0.238	127	0.919
ADCK2	1.42	6	0.72	0.764	365	0.974	0.236	126	0.919
MAP4K3	1.42	6	0.72	0.764	366	0.974	0.236	125	0.919
MAP3K8	1.42	6	0.72	0.764	367	0.974	0.236	124	0.919
PDGFRB	1.44	6	0.73	0.766	368	0.974	0.234	123	0.919
AURKB	0.85	2	0.74	0.769	369	0.974	0.231	122	0.919
RIPK4	1.48	6	0.74	0.771	370	0.974	0.229	121	0.919
CAMKK1	1.48	6	0.74	0.771	371	0.974	0.229	120	0.919
WEE2	1.48	6	0.74	0.772	372	0.974	0.228	119	0.919
TLK1	1.49	6	0.75	0.772	373	0.974	0.228	118	0.919
VRK2	1.53	6	0.76	0.776	374	0.974	0.224	117	0.919
EPHA3	1.54	6	0.77	0.778	375	0.974	0.222	116	0.919
GRK4	1.56	6	0.77	0.78	376	0.974	0.22	115	0.919
NRBP2	1.56	6	0.77	0.781	377	0.974	0.219	114	0.919
DCLK3	1.59	6	0.78	0.784	378	0.974	0.216	113	0.919
EPHB1	1.60	6	0.79	0.785	379	0.974	0.215	112	0.919
PIM1	1.61	6	0.79	0.785	380	0.974	0.215	111	0.919
RPL23A	0.93	2	0.79	0.786	381	0.974	0.214	110	0.919
IRAK2	1.61	6	0.79	0.786	382	0.974	0.214	109	0.919
EPHB3	1.64	6	0.81	0.79	383	0.974	0.21	108	0.919
HUNK	1.66	6	0.81	0.792	384	0.974	0.208	107	0.919
TXK	1.72	6	0.83	0.798	385	0.974	0.202	106	0.919
MAP3K14	1.74	6	0.84	0.8	386	0.974	0.2	105	0.919
CDK12	1.59	5	0.84	0.801	387	0.974	0.199	104	0.919
LCK	1.76	6	0.85	0.803	388	0.974	0.197	103	0.919
STK38L	1.78	6	0.86	0.805	389	0.974	0.195	102	0.919
GUCY2F	1.82	6	0.88	0.809	390	0.974	0.191	101	0.919
PBK	1.85	6	0.89	0.812	391	0.974	0.188	100	0.919
DAPK2	1.86	6	0.89	0.813	392	0.974	0.187	99	0.919
ACVRL1	1.86	6	0.89	0.814	393	0.974	0.186	98	0.919
PRKX	1.89	6	0.90	0.817	394	0.974	0.183	97	0.919
PDIK1L	1.89	6	0.90	0.817	395	0.974	0.183	96	0.919
MAP3K11	1.89	6	0.90	0.817	396	0.974	0.183	95	0.919
TRIO	1.91	6	0.91	0.818	397	0.974	0.182	94	0.919
DAPK3	1.92	6	0.92	0.82	398	0.974	0.18	93	0.919
TGFBR2	1.94	6	0.92	0.821	399	0.974	0.179	92	0.919
LATS2	1.97	6	0.93	0.825	400	0.974	0.175	91	0.919
TNIK	1.98	6	0.94	0.825	401	0.974	0.175	90	0.919
SRC	2.00	6	0.95	0.828	402	0.974	0.172	89	0.919
LTK	2.02	6	0.95	0.83	403	0.974	0.17	88	0.919
PSKH2	2.03	6	0.96	0.83	404	0.974	0.17	87	0.919
TYK2	2.88	12	0.96	0.831	405	0.974	0.169	86	0.919
NEK4	2.04	6	0.96	0.831	406	0.974	0.169	85	0.919
PRKCB	2.06	6	0.97	0.833	407	0.974	0.167	84	0.919
AURKA	1.46	3	0.97	0.834	408	0.974	0.166	83	0.919
NEK9	2.07	6	0.97	0.835	409	0.974	0.165	82	0.919
DSTYK	2.08	6	0.97	0.835	410	0.974	0.165	81	0.919
MASTL	2.68	10	0.98	0.835	411	0.974	0.165	80	0.919
SIK2	2.10	6	0.98	0.837	412	0.974	0.163	79	0.919
PAK2	2.12	6	0.99	0.839	413	0.974	0.161	78	0.919
MLKL	2.12	6	0.99	0.839	414	0.974	0.161	77	0.919
STK17B	2.13	6	0.99	0.84	415	0.974	0.16	76	0.919
IKBKB	2.13	6	0.99	0.84	416	0.974	0.16	75	0.919
FYN	2.14	6	1.00	0.842	417	0.974	0.158	74	0.919
CIT	2.15	6	1.00	0.842	418	0.974	0.158	73	0.919
CLK1	2.25	6	1.04	0.852	419	0.974	0.148	72	0.919
PDK2	2.11	5	1.07	0.857	420	0.974	0.143	71	0.919
NRBP1	2.14	5	1.08	0.859	421	0.974	0.141	70	0.919
STK40	2.35	6	1.08	0.86	422	0.974	0.14	69	0.919
STK17A	2.38	6	1.09	0.863	423	0.974	0.137	68	0.919
TRIB3	2.41	6	1.10	0.865	424	0.974	0.135	67	0.919
CDC7	1.97	4	1.10	0.865	425	0.974	0.135	66	0.919
MAP2K7	2.47	6	1.13	0.87	426	0.974	0.13	65	0.919
ZAK	2.48	6	1.13	0.871	427	0.974	0.129	64	0.919
SGK494	2.48	6	1.13	0.871	428	0.974	0.129	63	0.919
CDKL1	2.49	6	1.13	0.872	429	0.974	0.128	62	0.919
RIPK1	2.53	6	1.15	0.875	430	0.974	0.125	61	0.919
PDK4	2.55	6	1.16	0.877	431	0.974	0.123	60	0.919
CDK1	2.09	4	1.16	0.878	432	0.974	0.122	59	0.919
MAPK7	2.57	6	1.17	0.879	433	0.974	0.121	58	0.919
MAPK9	2.59	6	1.17	0.88	434	0.974	0.12	57	0.919
JAK3	3.69	12	1.18	0.881	435	0.974	0.119	56	0.919
DYRK4	2.62	6	1.19	0.882	436	0.974	0.118	55	0.919
SGK2	2.63	6	1.19	0.883	437	0.974	0.117	54	0.919
INSRR	2.66	6	1.20	0.885	438	0.974	0.115	53	0.919
STK35	2.66	6	1.20	0.886	439	0.974	0.114	52	0.919
CSNK1E	2.67	6	1.21	0.886	440	0.974	0.114	51	0.919
CDK16	2.67	6	1.21	0.886	441	0.974	0.114	50	0.919
PAK3	2.68	6	1.21	0.887	442	0.974	0.113	49	0.919
BMPR1B	2.69	6	1.21	0.888	443	0.974	0.112	48	0.919
ROR2	2.75	6	1.24	0.892	444	0.974	0.108	47	0.919
RPS6KA1	3.95	12	1.25	0.895	445	0.974	0.105	46	0.919
MAP2K5	2.81	6	1.26	0.896	446	0.974	0.104	45	0.919
OXSR1	2.82	6	1.26	0.897	447	0.974	0.103	44	0.919
TRRAP	2.34	4	1.28	0.9	448	0.974	0.1	43	0.919
STK39	2.89	6	1.29	0.902	449	0.974	0.0982	42	0.919
CDK15	2.92	6	1.30	0.904	450	0.974	0.096	41	0.919
STK32B	2.94	6	1.31	0.905	451	0.974	0.0949	40	0.919
STK32A	2.95	6	1.31	0.906	452	0.974	0.0944	39	0.919
PRPF4B	2.42	4	1.32	0.906	453	0.974	0.0936	38	0.919
STK25	2.99	6	1.33	0.908	454	0.974	0.092	37	0.919
CDKL2	2.99	6	1.33	0.908	455	0.974	0.0918	36	0.919
FGFR3	3.06	6	1.36	0.912	456	0.974	0.0875	35	0.919
CDKL5	3.09	6	1.37	0.915	457	0.974	0.0852	34	0.919
CAMK2B	3.15	6	1.39	0.918	458	0.974	0.0819	33	0.919
STK16	3.15	6	1.39	0.918	459	0.974	0.0818	32	0.919
SBK3	3.16	6	1.39	0.918	460	0.974	0.0815	31	0.919
CSNK2A2	3.16	6	1.40	0.919	461	0.974	0.0815	30	0.919
IKBKE	3.17	6	1.40	0.919	462	0.974	0.0809	29	0.919
MELK	3.19	6	1.41	0.921	463	0.974	0.0793	28	0.919
PRKAA2	3.23	6	1.43	0.923	464	0.975	0.077	27	0.919
CAMKK2	3.33	6	1.46	0.929	465	0.978	0.0715	26	0.919
TRIB1	3.44	6	1.51	0.934	466	0.981	0.066	25	0.919
GRK5	3.54	6	1.54	0.939	467	0.981	0.0612	24	0.919
MAST3	3.55	6	1.55	0.939	468	0.981	0.0608	23	0.919
MAP3K12	3.55	6	1.55	0.939	469	0.981	0.0606	22	0.919
FGFR1	3.59	6	1.56	0.941	470	0.981	0.0589	21	0.919
NEK2	3.69	6	1.60	0.946	471	0.984	0.0543	20	0.919
EPHB4	3.78	6	1.64	0.949	472	0.985	0.0508	19	0.919
MAPK6	3.88	6	1.68	0.953	473	0.987	0.0466	18	0.919
DDR1	3.93	6	1.70	0.955	474	0.987	0.0448	17	0.919
CLK3	3.99	6	1.72	0.957	475	0.987	0.0428	16	0.919
TSSK6	4.12	6	1.77	0.962	476	0.987	0.0383	15	0.919
EIF2AK1	4.15	6	1.78	0.963	477	0.987	0.0373	14	0.919
PRKY	3.86	5	1.81	0.965	478	0.987	0.035	13	0.919
MAK	4.24	6	1.82	0.966	479	0.987	0.0345	12	0.919
CSNK1G1	4.29	6	1.84	0.967	480	0.987	0.0329	11	0.919
GSK3B	4.61	6	1.96	0.975	481	0.993	0.0249	10	0.919
PKN3	4.77	6	2.02	0.978	482	0.995	0.0215	9	0.919
CSF1R	4.99	6	2.11	0.983	483	0.997	0.0174	8	0.919
ATM	5.33	6	2.24	0.988	484	0.997	0.0125	7	0.874
ATR	4.47	4	2.30	0.989	485	0.997	0.0107	6	0.874
MAP3K7	5.08	5	2.33	0.99	486	0.997	0.00984	5	0.874
TEK	5.79	6	2.42	0.992	487	0.997	0.00773	4	0.874
MAPK12	5.89	6	2.46	0.993	488	0.997	0.00694	3	0.874
ULK2	6.56	6	2.72	0.997	489	0.999	0.00325	2	0.796
TTK	6.77	5	3.05	0.999	490	0.999	0.00113	1	0.553
