id	num	neg|score	neg|p-value	neg|fdr	neg|rank	neg|goodsgrna	neg|lfc	pos|score	pos|p-value	pos|fdr	pos|rank	pos|goodsgrna	pos|lfc
RIOK1	5	2.2874e-05	0.00013374	0.065534	1	4	-3.9953	0.16065	0.21052	0.969717	119	1	-3.9953
PTK2	6	6.8911e-05	0.0003616	0.088592	2	3	-1.6655	0.99925	0.99927	0.999272	490	0	-1.6655
CDK7	4	0.00036971	0.0015108	0.197295	3	2	-2.5177	0.70673	0.70619	0.992891	349	0	-2.5177
BUB1B	6	0.00044281	0.0022043	0.197295	4	4	-1.2998	0.0053104	0.015549	0.664846	10	2	-1.2998
PRKCG	6	0.0005674	0.002769	0.197295	5	5	-1.107	0.99923	0.99923	0.999272	489	0	-1.107
RPL9	3	0.00063387	0.0017882	0.197295	6	2	-3.5523	0.7372	0.7381	0.992891	361	0	-3.5523
MTOR	5	0.00074903	0.0028185	0.197295	7	4	-1.4567	0.040464	0.074871	0.92564	41	1	-1.4567
PLK1	4	0.00083913	0.0032643	0.199939	8	3	-2.198	0.97841	0.9789	0.997015	480	0	-2.198
PAK6	6	0.00096888	0.0045126	0.227427	9	4	-0.99735	0.5566	0.55726	0.992891	271	0	-0.99735
PRKCH	6	0.001007	0.0046414	0.227427	10	2	0.30823	0.31429	0.3437	0.992891	165	1	0.30823
PLK4	5	0.0018884	0.006702	0.298544	11	2	-0.39631	0.015849	0.03668	0.842785	22	1	-0.39631
RPA3	3	0.005425	0.01431	0.584345	12	2	-1.5543	0.030412	0.053413	0.878876	31	1	-1.5543
PKMYT1	4	0.0054349	0.015737	0.593167	13	3	-0.95662	0.92076	0.92	0.99652	450	0	-0.95662
PRKDC	5	0.0056435	0.018749	0.630583	14	2	-0.33101	0.89387	0.89364	0.99652	438	0	-0.33101
SMG1	5	0.0058626	0.019304	0.630583	15	3	-0.99361	0.27499	0.29703	0.976837	154	1	-0.99361
DAPK1	6	0.0071108	0.024832	0.760467	16	3	-0.82211	0.076991	0.13321	0.92564	68	1	-0.82211
AK1	6	0.0097115	0.032589	0.878063	17	2	0.11473	0.15337	0.23435	0.976837	115	1	0.11473
ADCK5	6	0.010369	0.034382	0.878063	18	4	-0.64877	0.91479	0.91528	0.99652	448	0	-0.64877
CDC42BPB	6	0.01103	0.036145	0.878063	19	3	-0.4698	0.66524	0.66555	0.992891	322	0	-0.4698
CSNK2A1	5	0.011052	0.031122	0.878063	20	2	-0.040437	0.20911	0.24604	0.976837	134	1	-0.040437
PLK2	6	0.013025	0.04203	0.885214	21	1	-0.22279	0.54418	0.54453	0.992891	266	0	-0.22279
AMHR2	6	0.013431	0.043357	0.885214	22	3	-0.75378	0.48812	0.48949	0.992891	238	1	-0.75378
CSNK1A1	5	0.013945	0.037631	0.878063	23	3	-0.67619	0.78761	0.78817	0.992891	385	0	-0.67619
GAK	6	0.014105	0.045279	0.887476	24	3	-0.65794	0.9384	0.93877	0.99652	459	0	-0.65794
MARK2	6	0.015016	0.047964	0.900577	25	2	-0.095881	0.25959	0.30456	0.981812	152	1	-0.095881
PIK3R4	4	0.016987	0.043328	0.885214	26	2	-0.3827	0.41044	0.40808	0.992891	200	0	-0.3827
SGK1	6	0.017739	0.054344	0.900577	27	2	-0.20351	0.097529	0.16168	0.942209	81	1	-0.20351
AAK1	6	0.019732	0.05802	0.900577	28	3	-0.55353	0.75512	0.75476	0.992891	367	0	-0.55353
WNK1	6	0.019997	0.058495	0.900577	29	3	-0.068646	0.034745	0.074326	0.92564	35	1	-0.068646
STK10	6	0.02097	0.060348	0.900577	30	2	0.11664	0.064039	0.11506	0.92564	56	2	0.11664
OBSCN	12	0.02158	0.078745	0.900577	31	3	-0.25801	0.24676	0.37953	0.992891	144	1	-0.25801
HIPK3	5	0.021623	0.054513	0.900577	32	2	-0.5294	0.44151	0.44375	0.992891	214	1	-0.5294
RIPK2	6	0.022947	0.06437	0.900577	33	1	-0.004496	0.51186	0.5126	0.992891	252	1	-0.004496
CONTROL	50	0.024876	0.1379	0.948456	34	9	0.0221	0.58199	0.83329	0.993861	283	4	0.0221
FES	6	0.02652	0.072097	0.900577	35	3	-0.54041	0.92918	0.9293	0.99652	455	0	-0.54041
CDK13	6	0.026893	0.07285	0.900577	36	1	0.5556	0.051145	0.097667	0.92564	47	2	0.5556
POLR2A	5	0.027405	0.067164	0.900577	37	3	-0.7249	0.8086	0.80896	0.992891	395	0	-0.7249
GSG2	6	0.027529	0.073999	0.900577	38	3	-0.67941	0.8582	0.85905	0.993861	419	0	-0.67941
BTK	6	0.029014	0.076912	0.900577	39	3	-0.54455	0.62535	0.62555	0.992891	306	0	-0.54455
ULK4	6	0.030472	0.079944	0.900577	40	3	-0.50429	0.82487	0.82543	0.992891	408	0	-0.50429
MYO3A	6	0.031566	0.082391	0.900577	41	3	-0.68569	0.99521	0.99499	0.99907	488	0	-0.68569
MAP3K3	6	0.032787	0.08462	0.900577	42	1	-0.31087	0.42769	0.43446	0.992891	207	1	-0.31087
STKLD1	6	0.034265	0.087285	0.900577	43	2	-0.48861	0.52175	0.52243	0.992891	257	0	-0.48861
GRK6	6	0.034514	0.087859	0.900577	44	3	-0.46476	0.49954	0.50024	0.992891	245	1	-0.46476
STK26	6	0.034745	0.088374	0.900577	45	1	-0.13963	0.39664	0.40863	0.992891	194	1	-0.13963
BRSK1	6	0.036404	0.091515	0.900577	46	3	-0.62433	0.046423	0.09094	0.92564	44	1	-0.62433
TRPM6	6	0.038113	0.094675	0.900577	47	2	0.1276	0.86326	0.86409	0.993861	424	0	0.1276
AKT3	6	0.038848	0.095943	0.900577	48	3	-0.35635	0.73647	0.73614	0.992891	359	0	-0.35635
MYLK2	6	0.038992	0.09623	0.900577	49	2	0.23979	0.77325	0.77313	0.992891	376	0	0.23979
CDK10	6	0.0396	0.097409	0.900577	50	3	-0.49442	0.68956	0.68991	0.992891	337	0	-0.49442
MOS	5	0.041005	0.096062	0.900577	51	3	-0.64069	0.61809	0.61883	0.992891	301	0	-0.64069
KIAA1804	6	0.041224	0.1007	0.903045	52	3	-0.28852	0.030825	0.068769	0.92564	32	1	-0.28852
RPS6KB1	6	0.041571	0.10136	0.903045	53	2	0.10181	0.18275	0.25288	0.976837	126	1	0.10181
CDK2	3	0.044133	0.079627	0.900577	54	2	-0.70612	0.014536	0.026862	0.808927	21	1	-0.70612
NEK6	6	0.044278	0.1066	0.905082	55	3	-0.26527	0.85859	0.85941	0.993861	420	0	-0.26527
TSSK3	6	0.044485	0.10698	0.905082	56	2	0.00048267	0.97365	0.97353	0.997015	478	0	0.00048267
MINK1	6	0.044816	0.10754	0.905082	57	3	-0.45854	0.07976	0.13701	0.92564	71	2	-0.45854
WEE1	4	0.044892	0.091237	0.900577	58	1	0.20162	0.037735	0.067679	0.92564	37	1	0.20162
SLK	6	0.048222	0.1144	0.905082	59	2	0.21477	0.46102	0.46425	0.992891	227	1	0.21477
TSSK1B	6	0.048358	0.1147	0.905082	60	1	-0.055541	0.75009	0.74962	0.992891	365	0	-0.055541
RPS6KA5	12	0.049223	0.14867	0.958514	61	3	-0.017537	0.15843	0.29712	0.976837	117	2	-0.017537
SGK3	6	0.050163	0.11818	0.905082	62	3	-0.39548	0.9873	0.98748	0.997015	485	0	-0.39548
FGR	6	0.050653	0.11906	0.905082	63	2	0.098443	0.63328	0.63336	0.992891	308	0	0.098443
UHMK1	6	0.050688	0.11915	0.905082	64	3	-0.60344	0.90866	0.90966	0.99652	442	0	-0.60344
EGFR	6	0.051254	0.12027	0.905082	65	3	0.29458	0.0054533	0.015975	0.664846	11	3	0.29458
CDK17	6	0.051638	0.121	0.905082	66	3	-0.55105	0.39266	0.40512	0.992891	191	1	-0.55105
CDK5	6	0.052145	0.12191	0.905082	67	3	-0.47092	0.081519	0.13933	0.92564	73	2	-0.47092
EPHA6	6	0.054224	0.12564	0.908154	68	3	-0.5684	0.96459	0.96448	0.99652	473	0	-0.5684
PTK6	6	0.055147	0.12743	0.908154	69	2	-0.0029831	0.42388	0.4314	0.992891	205	1	-0.0029831
NRK	6	0.055432	0.12788	0.908154	70	3	-0.53393	0.86517	0.86611	0.993861	427	0	-0.53393
PCNA	2	0.061808	0.08881	0.900577	71	1	-1.1815	0.95852	0.95814	0.99652	470	0	-1.1815
AKT1	6	0.0619	0.13936	0.948456	72	2	-0.2305	0.77731	0.77717	0.992891	379	0	-0.2305
RNASEL	6	0.064039	0.14319	0.954047	73	2	-0.45166	0.91002	0.91101	0.99652	445	0	-0.45166
SBK2	6	0.064578	0.14408	0.954047	74	2	0.1207	0.62712	0.6273	0.992891	307	0	0.1207
YES1	6	0.066294	0.14751	0.958514	75	3	-0.16167	0.57371	0.57377	0.992891	278	0	-0.16167
TRRAP	4	0.071944	0.12976	0.908287	76	2	0.46643	0.0052046	0.01441	0.664846	9	2	0.46643
MAPKAPK5	6	0.073528	0.16107	0.991746	77	3	-0.54838	0.74497	0.74456	0.992891	363	0	-0.54838
TESK2	6	0.074567	0.16261	0.991746	78	2	-0.19619	0.42896	0.43558	0.992891	208	1	-0.19619
EPHA7	6	0.077842	0.16881	0.991746	79	3	-0.40596	0.86892	0.87014	0.993861	429	0	-0.40596
RPS6KL1	6	0.080418	0.17336	0.991746	80	3	-0.34666	0.97731	0.97724	0.997015	479	0	-0.34666
CDK18	6	0.086374	0.18371	0.991746	81	2	-0.18567	0.56271	0.56318	0.992891	275	0	-0.18567
EPHA10	6	0.08647	0.18385	0.991746	82	3	-0.41024	0.78969	0.78938	0.992891	388	0	-0.41024
CLK2	6	0.087481	0.18572	0.991746	83	2	0.0010206	0.84759	0.84828	0.993861	416	0	0.0010206
VRK3	6	0.088086	0.18688	0.991746	84	2	0.12136	0.11539	0.1871	0.942209	96	2	0.12136
FGFR2	6	0.088407	0.18746	0.991746	85	3	-0.42695	0.92807	0.92802	0.99652	454	0	-0.42695
EPHA1	6	0.089189	0.18884	0.991746	86	3	-0.54065	0.67086	0.671	0.992891	324	0	-0.54065
RET	6	0.090762	0.19174	0.991746	87	3	-0.25117	0.95732	0.95698	0.99652	469	0	-0.25117
EIF2AK2	6	0.091554	0.19321	0.991746	88	3	-0.562	0.98631	0.98644	0.997015	481	0	-0.562
CSNK1D	6	0.091966	0.19393	0.991746	89	2	0.23812	0.16903	0.24398	0.976837	122	1	0.23812
PRKAA1	6	0.093951	0.19748	0.991746	90	3	-0.40493	0.92556	0.92579	0.99652	453	0	-0.40493
TTN	6	0.094353	0.19821	0.991746	91	3	-0.54195	0.80922	0.80942	0.992891	396	0	-0.54195
TNNI3K	6	0.095452	0.20015	0.991746	92	2	0.11968	0.062966	0.11365	0.92564	55	2	0.11968
AKT2	6	0.099377	0.2047	0.991746	93	2	-0.29449	0.96384	0.96367	0.99652	472	0	-0.29449
CDK11B	5	0.10216	0.18524	0.991746	94	2	-0.21878	0.37767	0.38489	0.992891	185	1	-0.21878
IGF1R	6	0.1049	0.21035	0.991746	95	1	-0.027665	0.67954	0.68002	0.992891	332	0	-0.027665
PRKCA	6	0.10674	0.21246	0.991746	96	1	-0.16973	0.88932	0.89008	0.99652	435	0	-0.16973
SRMS	6	0.10882	0.21469	0.991746	97	2	-0.35203	0.78914	0.78887	0.992891	387	0	-0.35203
TBK1	6	0.1104	0.2164	0.991746	98	1	-0.10126	0.67876	0.67899	0.992891	331	0	-0.10126
MASTL	10	0.1119	0.26071	0.991746	99	2	0.24326	0.012278	0.037839	0.842785	17	3	0.24326
RIPK3	6	0.11275	0.21935	0.991746	100	2	0.33958	0.053131	0.10039	0.92564	49	2	0.33958
NIM1K	6	0.12006	0.22687	0.991746	101	2	-0.037153	0.45861	0.46196	0.992891	226	1	-0.037153
CDK9	8	0.1231	0.25227	0.991746	102	2	0.20874	0.0093637	0.029716	0.808927	14	3	0.20874
MERTK	6	0.12312	0.23006	0.991746	103	1	-0.34906	0.82628	0.82673	0.992891	409	0	-0.34906
TTK	5	0.12352	0.21061	0.991746	104	1	1.3693	4.2394e-05	0.00016346	0.080097	1	4	1.3693
PRKACG	6	0.12547	0.23254	0.991746	105	2	0.10298	0.11223	0.1823	0.942209	93	1	0.10298
CASK	6	0.12615	0.23327	0.991746	106	2	0.12728	0.13031	0.20707	0.969717	106	1	0.12728
NUAK2	6	0.12672	0.23382	0.991746	107	1	0.57022	0.29343	0.32849	0.992891	158	1	0.57022
BRSK2	6	0.12852	0.23577	0.991746	108	1	-0.13507	0.70005	0.70081	0.992891	344	0	-0.13507
FLT1	6	0.13031	0.23793	0.991746	109	1	0.016896	0.85661	0.85732	0.993861	418	0	0.016896
SBK1	6	0.13211	0.23988	0.991746	110	2	0.1888	0.64618	0.64616	0.992891	314	0	0.1888
TYRO3	6	0.13233	0.24012	0.991746	111	2	-0.43552	0.073215	0.12809	0.92564	65	1	-0.43552
ACVR2A	6	0.13372	0.24173	0.991746	112	2	-0.53247	0.94815	0.94849	0.99652	462	0	-0.53247
PRKD3	6	0.13442	0.24268	0.991746	113	2	-0.22501	0.40844	0.41833	0.992891	199	1	-0.22501
STYK1	6	0.13511	0.24348	0.991746	114	2	-0.038022	0.11768	0.19011	0.942209	98	1	-0.038022
NUAK1	6	0.13568	0.24409	0.991746	115	2	-0.14678	0.050163	0.096379	0.92564	45	2	-0.14678
TRIO	6	0.13924	0.24803	0.991746	116	1	0.30602	0.3069	0.33819	0.992891	162	1	0.30602
DYRK1B	6	0.14071	0.24993	0.991746	117	2	0.17341	0.61908	0.61923	0.992891	302	0	0.17341
ARAF	6	0.14496	0.25465	0.991746	118	2	-0.26596	0.93538	0.93591	0.99652	457	0	-0.26596
MKNK1	6	0.14986	0.2598	0.991746	119	2	-0.27048	0.41749	0.42626	0.992891	201	1	-0.27048
PRKG2	6	0.14996	0.25993	0.991746	120	2	0.21739	0.44271	0.44737	0.992891	215	1	0.21739
PDK1	4	0.1511	0.23954	0.991746	121	1	0.04615	0.67211	0.67175	0.992891	326	0	0.04615
FLT4	6	0.15162	0.26193	0.991746	122	1	0.25078	0.39532	0.40753	0.992891	193	1	0.25078
MAPK14	6	0.15337	0.26407	0.991746	123	2	0.04811	0.89123	0.89202	0.99652	436	0	0.04811
AURKA	3	0.15493	0.20781	0.991746	124	1	1.7462	0.0019965	0.0050773	0.664846	3	2	1.7462
ACVR1	6	0.15512	0.26599	0.991746	125	1	-0.064646	0.81324	0.81343	0.992891	399	0	-0.064646
TEX14	6	0.15646	0.26751	0.991746	126	2	-0.23344	0.51738	0.51799	0.992891	254	1	-0.23344
CDC42BPA	6	0.15687	0.26808	0.991746	127	1	-0.11425	0.89982	0.901	0.99652	440	0	-0.11425
TRIB2	5	0.15773	0.25298	0.991746	128	1	0.15146	0.55612	0.55791	0.992891	270	0	0.15146
SYK	6	0.1621	0.2739	0.991746	129	1	0.19132	0.40584	0.4162	0.992891	196	1	0.19132
GSK3A	6	0.16384	0.27574	0.991746	130	1	-0.30474	0.6109	0.61097	0.992891	299	0	-0.30474
IKBKB	6	0.16671	0.27911	0.991746	131	2	0.84912	0.30986	0.34043	0.992891	164	1	0.84912
MOK	6	0.1673	0.27979	0.991746	132	1	-0.22287	0.91083	0.91171	0.99652	446	0	-0.22287
BMPR1A	6	0.16819	0.28073	0.991746	133	2	0.37983	0.36696	0.38457	0.992891	181	1	0.37983
MAST4	6	0.16893	0.28151	0.991746	134	2	-0.16315	0.14102	0.22251	0.976837	109	1	-0.16315
NEK10	6	0.16903	0.28159	0.991746	135	2	-0.29273	0.43022	0.43673	0.992891	209	1	-0.29273
TAOK2	6	0.17264	0.28531	0.991746	136	2	0.061639	0.67562	0.67585	0.992891	328	0	0.061639
MAPK15	6	0.17563	0.28865	0.991746	137	2	-0.014433	0.22114	0.27809	0.976837	136	1	-0.014433
SCYL1	6	0.17934	0.29293	0.991746	138	2	-0.20242	0.53148	0.53221	0.992891	261	0	-0.20242
CAMK2A	6	0.18013	0.294	0.991746	139	2	-0.31525	0.35726	0.3769	0.992891	176	1	-0.31525
TTBK2	6	0.18105	0.2949	0.991746	140	1	0.13573	0.72223	0.72234	0.992891	355	0	0.13573
AATK	6	0.18164	0.29557	0.991746	141	2	-0.35935	0.81423	0.81446	0.992891	400	0	-0.35935
CAMKK1	6	0.18275	0.29691	0.991746	142	1	0.13448	0.11078	0.18033	0.942209	91	2	0.13448
TNK2	6	0.19123	0.30621	0.991746	143	1	-0.2864	0.8244	0.82493	0.992891	407	0	-0.2864
HIPK4	6	0.19227	0.30733	0.991746	144	2	-0.15979	0.74432	0.74392	0.992891	362	0	-0.15979
VRK1	6	0.19292	0.30797	0.991746	145	2	0.013097	0.47295	0.47552	0.992891	230	1	0.013097
CDC42BPG	6	0.19304	0.30807	0.991746	146	2	0.20356	0.098581	0.16315	0.942209	83	2	0.20356
MAP2K1	5	0.19506	0.29945	0.991746	147	2	-0.48485	0.98673	0.98663	0.997015	483	0	-0.48485
RIOK3	6	0.19963	0.31507	0.991746	148	1	0.29112	0.5261	0.52681	0.992891	259	0	0.29112
MAP3K10	6	0.19995	0.31547	0.991746	149	2	0.36508	0.42006	0.42811	0.992891	202	1	0.36508
PASK	6	0.20131	0.31709	0.991746	150	2	0.63928	0.022703	0.055602	0.878876	28	3	0.63928
GUCY2D	6	0.20149	0.31735	0.991746	151	2	-0.089429	0.58255	0.58258	0.992891	284	0	-0.089429
SRPK3	6	0.20297	0.31897	0.991746	152	1	-0.16013	0.054143	0.10174	0.92564	50	1	-0.16013
PDPK1	5	0.20353	0.31022	0.991746	153	2	-0.16484	0.87729	0.87782	0.995679	432	0	-0.16484
STK4	6	0.20464	0.32078	0.991746	154	1	0.078217	0.11407	0.18506	0.942209	95	2	0.078217
PAK7	6	0.20614	0.32252	0.991746	155	2	-0.16178	0.46939	0.47217	0.992891	228	1	-0.16178
LRRK1	6	0.20796	0.32467	0.991746	156	1	-0.20844	0.43524	0.44082	0.992891	211	1	-0.20844
CAMK1G	6	0.21081	0.32763	0.991746	157	2	-0.29904	0.15862	0.23771	0.976837	118	1	-0.29904
BMP2K	6	0.21293	0.32992	0.991746	158	1	-0.0047151	0.25487	0.30103	0.976837	151	1	-0.0047151
ADCK3	6	0.21315	0.33016	0.991746	159	2	0.077598	0.18105	0.25167	0.976837	125	1	0.077598
BUB1	6	0.21622	0.33338	0.991746	160	1	-0.12581	0.001007	0.0037795	0.664846	2	1	-0.12581
JAK1	12	0.21831	0.42425	0.991746	161	3	0.14292	0.87361	0.87558	0.995679	430	0	0.14292
IRAK3	6	0.21864	0.33611	0.991746	162	2	0.06477	0.45254	0.45628	0.992891	222	1	0.06477
RIOK2	5	0.22266	0.33455	0.991746	163	2	-0.31942	0.36376	0.3728	0.992891	178	1	-0.31942
MUSK	6	0.22278	0.34089	0.991746	164	1	0.32506	0.54314	0.54356	0.992891	265	0	0.32506
DYRK3	6	0.22336	0.34145	0.991746	165	2	-0.17238	0.8225	0.82314	0.992891	405	0	-0.17238
CHUK	6	0.22604	0.34442	0.991746	166	1	-0.014156	0.45009	0.45387	0.992891	220	1	-0.014156
PDK3	6	0.22889	0.34752	0.991746	167	2	0.10263	0.22441	0.2803	0.976837	138	1	0.10263
AURKC	6	0.23048	0.34908	0.991746	168	2	0.136	0.091966	0.15371	0.942209	79	1	0.136
STK36	6	0.23091	0.34952	0.991746	169	1	0.24664	0.7978	0.79743	0.992891	393	0	0.24664
CAMK4	6	0.23575	0.35464	0.991746	170	2	-0.41035	0.7131	0.71359	0.992891	353	0	-0.41035
ULK3	6	0.23923	0.35851	0.991746	171	2	-0.13978	0.49386	0.4945	0.992891	241	1	-0.13978
RYK	6	0.24083	0.3601	0.991746	172	2	0.094142	0.31723	0.34593	0.992891	167	1	0.094142
MYLK3	6	0.24403	0.36355	0.991746	173	2	-0.27802	0.47176	0.47442	0.992891	229	1	-0.27802
ACVR1B	6	0.24723	0.36731	0.991746	174	2	-0.32482	0.70299	0.70374	0.992891	347	0	-0.32482
CSK	6	0.24884	0.36904	0.991746	175	2	0.36616	0.14456	0.22787	0.976837	112	1	0.36616
PLK3	6	0.24964	0.36984	0.991746	176	2	-0.011213	0.69708	0.69783	0.992891	341	0	-0.011213
MAP3K6	6	0.2533	0.37408	0.991746	177	1	-0.023757	0.79024	0.7899	0.992891	389	0	-0.023757
DCLK2	6	0.25487	0.37609	0.991746	178	1	-0.2536	0.60629	0.60644	0.992891	295	0	-0.2536
CHEK2	6	0.25528	0.37645	0.991746	179	2	0.086013	0.42133	0.42924	0.992891	203	1	0.086013
MARK3	6	0.25645	0.37787	0.991746	180	1	0.0054361	0.56874	0.56891	0.992891	277	0	0.0054361
AXL	6	0.2577	0.3795	0.991746	181	2	-0.17985	0.69931	0.70004	0.992891	343	0	-0.17985
NPR1	6	0.26116	0.38335	0.991746	182	1	-0.067075	0.86055	0.8615	0.993861	421	0	-0.067075
MAP3K9	6	0.26272	0.38512	0.991746	183	1	-0.17143	0.33749	0.36137	0.992891	170	1	-0.17143
RIPK4	6	0.2666	0.38975	0.991746	184	2	0.071065	0.023785	0.05798	0.887819	29	2	0.071065
MST1R	6	0.2674	0.39079	0.991746	185	1	-0.14097	0.086277	0.14535	0.92564	76	2	-0.14097
FER	6	0.26895	0.3925	0.991746	186	2	-0.31808	0.64872	0.6488	0.992891	315	0	-0.31808
MAP4K4	6	0.26985	0.39371	0.991746	187	2	-0.25848	0.98999	0.99008	0.997015	486	0	-0.25848
PKN2	6	0.27066	0.39468	0.991746	188	2	-0.44691	0.64192	0.64201	0.992891	311	0	-0.44691
HCK	6	0.27229	0.39638	0.991746	189	2	-0.13813	0.75136	0.75088	0.992891	366	0	-0.13813
CDK6	6	0.27635	0.40098	0.991746	190	2	-0.32986	0.98665	0.98679	0.997015	482	0	-0.32986
MAP2K2	6	0.27668	0.40137	0.991746	191	2	0.20309	0.3697	0.38684	0.992891	183	1	0.20309
TAOK1	6	0.27798	0.40274	0.991746	192	2	0.12753	0.01103	0.029359	0.808927	16	1	0.12753
ADRBK2	6	0.27821	0.40299	0.991746	193	1	-0.30914	0.71239	0.71287	0.992891	352	0	-0.30914
CSNK1E	6	0.28128	0.40615	0.991746	194	1	0.71979	0.097953	0.16225	0.942209	82	2	0.71979
AK3	6	0.2837	0.40907	0.991746	195	2	-0.10299	0.35307	0.37351	0.992891	175	1	-0.10299
STK24	6	0.28451	0.40986	0.991746	196	2	-0.29409	0.76129	0.76092	0.992891	371	0	-0.29409
MAPK8	6	0.28615	0.41165	0.991746	197	2	0.096546	0.91959	0.91988	0.99652	449	0	0.096546
MAPK13	6	0.28778	0.41347	0.991746	198	2	0.19299	0.095452	0.15853	0.942209	80	2	0.19299
DMPK	6	0.28942	0.41525	0.991746	199	2	-0.37705	0.9382	0.93859	0.99652	458	0	-0.37705
Rosa26	1	0.29097	0.29131	0.991746	200	0	-0.34164	0.70903	0.70975	0.992891	350	0	-0.34164
TESK1	6	0.29106	0.41704	0.991746	201	2	-0.2887	0.058746	0.10782	0.92564	54	2	-0.2887
BCR	6	0.29192	0.41796	0.991746	202	1	-0.063377	0.62178	0.62205	0.992891	304	0	-0.063377
ULK1	6	0.29269	0.41897	0.991746	203	2	-0.30566	0.60536	0.60537	0.992891	294	0	-0.30566
ABL1	6	0.29843	0.42525	0.991746	204	2	-0.28265	0.91243	0.91319	0.99652	447	0	-0.28265
INSR	6	0.29945	0.42657	0.991746	205	1	0.050153	0.36833	0.38581	0.992891	182	1	0.050153
TAOK3	6	0.30418	0.43197	0.991746	206	2	-0.36086	0.57766	0.57752	0.992891	280	0	-0.36086
MAP2K6	6	0.30664	0.43486	0.991746	207	2	0.041243	0.31576	0.34486	0.992891	166	1	0.041243
PDIK1L	6	0.3069	0.43512	0.991746	208	1	0.67832	0.0023439	0.0081781	0.664846	4	3	0.67832
MAP2K3	6	0.30986	0.43859	0.991746	209	1	0.079625	0.49614	0.49671	0.992891	243	1	0.079625
NTRK3	6	0.31134	0.44026	0.991746	210	1	-0.27066	0.82154	0.8221	0.992891	404	0	-0.27066
FASTK	6	0.31429	0.44361	0.991746	211	1	0.32157	0.47413	0.47658	0.992891	231	1	0.32157
TRPM7	6	0.31652	0.44607	0.991746	212	2	-0.15615	0.70079	0.70162	0.992891	345	0	-0.15615
STK19	6	0.31734	0.44695	0.991746	213	2	-0.49801	0.94589	0.94624	0.99652	461	0	-0.49801
LATS1	6	0.32015	0.44983	0.991746	214	1	0.14585	0.21293	0.27285	0.976837	135	1	0.14585
EPHA2	6	0.32064	0.45034	0.991746	215	2	-0.27624	0.13931	0.21992	0.976837	108	2	-0.27624
RAF1	6	0.32558	0.45571	0.991746	216	2	-0.37647	0.97276	0.97257	0.997015	477	0	-0.37647
TBCK	6	0.32888	0.45928	0.991746	217	2	0.26776	0.48233	0.48423	0.992891	234	1	0.26776
KSR2	6	0.33463	0.46597	0.991746	218	1	-0.021279	0.10857	0.17701	0.942209	88	2	-0.021279
MAPK1	6	0.33713	0.46887	0.991746	219	2	-0.3546	0.61364	0.61397	0.992891	300	0	-0.3546
EPHA8	6	0.34035	0.4704	0.991746	220	1	0.36508	0.17076	0.245	0.976837	123	1	0.36508
PRKCD	6	0.35026	0.47516	0.991746	221	1	0.23517	0.1195	0.19229	0.942209	101	1	0.23517
MKNK2	6	0.35865	0.47918	0.991746	222	1	-0.096301	0.19292	0.25947	0.976837	130	1	-0.096301
MAP4K3	6	0.36558	0.48228	0.991746	223	1	0.40252	0.018904	0.047251	0.878876	24	3	0.40252
CDK11A	5	0.3661	0.43979	0.991746	224	1	0.053207	0.54995	0.55123	0.992891	268	0	0.053207
ABL2	6	0.36833	0.48379	0.991746	225	1	-0.33929	0.85297	0.85362	0.993861	417	0	-0.33929
ANKK1	6	0.3697	0.48432	0.991746	226	1	-0.18859	0.79188	0.79148	0.992891	390	0	-0.18859
ILK	6	0.37517	0.48665	0.991746	227	1	0.044254	0.071322	0.12525	0.92564	62	1	0.044254
SPEG	12	0.37558	0.58176	0.991746	228	3	-0.022211	0.37005	0.50078	0.992891	184	1	-0.022211
LIMK2	6	0.37653	0.48732	0.991746	229	1	-0.22717	0.7709	0.77095	0.992891	375	0	-0.22717
PIM3	6	0.3806	0.4895	0.991746	230	1	0.26889	0.38598	0.39993	0.992891	188	1	0.26889
TNK1	6	0.39133	0.49491	0.991746	231	1	-0.067415	0.64278	0.643	0.992891	312	0	-0.067415
POLR2D	1	0.39809	0.39858	0.991746	232	0	-0.14252	0.60191	0.60354	0.992891	293	0	-0.14252
EIF2AK4	12	0.39846	0.60472	0.991746	233	2	-0.24337	0.89427	0.89597	0.99652	439	0	-0.24337
BLK	6	0.40322	0.5009	0.991746	234	1	0.34207	0.65458	0.65488	0.992891	317	0	0.34207
MAP4K1	6	0.40714	0.50285	0.991746	235	1	-0.24198	0.61998	0.62022	0.992891	303	0	-0.24198
MAPKAPK2	6	0.41104	0.50513	0.991746	236	1	0.030367	0.84291	0.84357	0.993861	413	0	0.030367
MAP3K13	6	0.42006	0.51003	0.991746	237	1	0.23553	0.16557	0.24201	0.976837	121	1	0.23553
PHKG1	6	0.42261	0.51149	0.991746	238	1	-0.041481	0.43649	0.44195	0.992891	212	1	-0.041481
CAMK2G	6	0.42388	0.51214	0.991746	239	1	0.031554	0.2533	0.29991	0.976837	150	1	0.031554
MAPK11	6	0.42516	0.51275	0.991746	240	1	0.29259	0.60721	0.60738	0.992891	296	0	0.29259
PIM2	6	0.42642	0.51337	0.991746	241	1	0.12961	0.021001	0.051788	0.878876	25	2	0.12961
CAMKV	6	0.42769	0.51406	0.991746	242	1	-0.1401	0.92274	0.92302	0.99652	452	0	-0.1401
FGFR4	6	0.43399	0.51711	0.991746	243	1	-0.33679	0.11587	0.18777	0.942209	97	1	-0.33679
KALRN	5	0.43516	0.48317	0.991746	244	1	-0.16361	0.53559	0.53652	0.992891	263	0	-0.16361
CDKL4	6	0.43774	0.51937	0.991746	245	1	0.20199	0.27821	0.31763	0.992891	156	1	0.20199
PAK3	6	0.43899	0.52001	0.991746	246	1	0.44228	0.59975	0.59956	0.992891	291	0	0.44228
BRAF	6	0.44641	0.52401	0.991746	247	1	0.12146	0.76251	0.76219	0.992891	372	0	0.12146
ADCK2	6	0.44887	0.52536	0.991746	248	1	0.262	0.12312	0.19708	0.956142	102	1	0.262
WNK3	6	0.45132	0.52673	0.991746	249	1	-0.034822	0.11805	0.19048	0.942209	99	2	-0.034822
CDK14	6	0.45497	0.52887	0.991746	250	1	0.1637	0.71875	0.71892	0.992891	354	0	0.1637
STK32A	6	0.46342	0.53379	0.991746	251	1	0.52769	0.58352	0.58358	0.992891	285	0	0.52769
HIPK2	6	0.46462	0.53453	0.991746	252	1	-0.053258	0.20297	0.26621	0.976837	133	1	-0.053258
CDKL1	6	0.4682	0.53686	0.991746	253	1	0.22994	0.18785	0.25625	0.976837	128	1	0.22994
PHKG2	6	0.46939	0.53746	0.991746	254	1	-0.026074	0.86288	0.86376	0.993861	423	0	-0.026074
SBK3	6	0.47413	0.54041	0.991746	255	1	0.32327	0.013314	0.034887	0.842785	19	2	0.32327
GSK3B	6	0.48	0.54364	0.991746	256	1	0.54323	0.27514	0.31552	0.992891	155	1	0.54323
ICK	6	0.48116	0.54434	0.991746	257	1	-0.42625	0.7243	0.72438	0.992891	357	0	-0.42625
ROCK1	6	0.48233	0.54506	0.991746	258	1	0.2769	0.65541	0.65559	0.992891	318	0	0.2769
TTBK1	6	0.495	0.55203	0.991746	259	1	-0.22808	0.82298	0.82361	0.992891	406	0	-0.22808
STK25	6	0.50517	0.5586	0.991746	260	1	0.6438	0.052631	0.099698	0.92564	48	2	0.6438
PRKCI	6	0.50741	0.56006	0.991746	261	1	-0.013967	0.47765	0.47989	0.992891	232	1	-0.013967
FRK	6	0.50853	0.56076	0.991746	262	1	-0.33868	0.94883	0.94921	0.99652	463	0	-0.33868
LCK	6	0.50964	0.5614	0.991746	263	1	0.31387	0.58835	0.58845	0.992891	288	0	0.31387
TYK2	12	0.51132	0.68402	0.991746	264	2	0.078006	0.10171	0.21175	0.969717	85	2	0.078006
MAST2	6	0.51628	0.56542	0.991746	265	1	0.025574	0.24696	0.2958	0.976837	145	1	0.025574
IRAK4	6	0.51738	0.56618	0.991746	266	1	0.088753	0.86743	0.86858	0.993861	428	0	0.088753
MAP3K5	6	0.51848	0.56676	0.991746	267	1	0.029483	0.77961	0.77936	0.992891	381	0	0.029483
RPS6KB2	6	0.52066	0.56807	0.991746	268	1	0.18175	0.39	0.4029	0.992891	190	1	0.18175
SCYL3	6	0.52175	0.56887	0.991746	269	1	0.019374	0.81074	0.811	0.992891	398	0	0.019374
DCLK1	6	0.52501	0.5709	0.991746	270	1	0.19595	0.23253	0.28578	0.976837	140	1	0.19595
CLK4	6	0.52933	0.5736	0.991746	271	1	-0.25812	0.76068	0.76024	0.992891	370	0	-0.25812
PTK7	6	0.53892	0.57977	0.991746	272	1	0.26098	0.75574	0.75526	0.992891	368	0	0.26098
RPS6KA2	12	0.53979	0.70194	0.991746	273	1	-0.044862	0.80521	0.80682	0.992891	394	0	-0.044862
PSKH1	6	0.54103	0.58116	0.991746	274	1	-0.15046	0.98681	0.98697	0.997015	484	0	-0.15046
CDK1	4	0.54152	0.54164	0.991746	275	1	0.67755	0.013586	0.028953	0.808927	20	2	0.67755
NEK7	6	0.54627	0.58468	0.991746	276	1	0.11727	0.52933	0.52993	0.992891	260	0	0.11727
CAMK1D	6	0.55043	0.58723	0.991746	277	1	-0.34227	0.83767	0.83848	0.993861	411	0	-0.34227
NEK5	6	0.55249	0.58868	0.991746	278	1	0.11229	0.56472	0.56505	0.992891	276	0	0.11229
RPS6KA6	12	0.5615	0.71566	0.991746	279	2	-0.10929	0.077259	0.17227	0.942209	69	3	-0.10929
CDK20	6	0.56169	0.59463	0.991746	280	1	0.009804	0.9092	0.91025	0.99652	443	0	0.009804
STRADA	6	0.56472	0.59648	0.991746	281	1	0.06435	0.48349	0.48515	0.992891	235	1	0.06435
NRBP1	5	0.56482	0.57699	0.991746	282	1	0.34297	0.010866	0.02713	0.808927	15	1	0.34297
CDK4	6	0.56573	0.59714	0.991746	283	1	-0.041721	0.9225	0.92279	0.99652	451	0	-0.041721
STK16	6	0.57272	0.60184	0.991746	284	1	0.84544	0.14142	0.22316	0.976837	110	2	0.84544
ACVR1C	6	0.57766	0.60503	0.991746	285	1	0.157	0.44641	0.45047	0.992891	217	1	0.157
ALK	6	0.57962	0.60643	0.991746	286	1	-0.022003	0.6772	0.67737	0.992891	329	0	-0.022003
DYRK2	6	0.58157	0.60783	0.991746	287	1	0.20328	0.29494	0.32954	0.992891	159	1	0.20328
PAK1	6	0.58255	0.60857	0.991746	288	1	0.22846	0.40714	0.41714	0.992891	198	1	0.22846
MAP3K1	6	0.58449	0.60987	0.991746	289	1	0.4786	0.23897	0.29009	0.976837	142	1	0.4786
TSSK4	6	0.58739	0.61199	0.991746	290	1	-0.12188	0.79727	0.79689	0.992891	392	0	-0.12188
EPHB6	6	0.58931	0.61356	0.991746	291	1	-0.007902	0.66443	0.66475	0.992891	321	0	-0.007902
CLK1	6	0.59027	0.61427	0.991746	292	1	0.08129	0.038992	0.080112	0.92564	39	2	0.08129
TNIK	6	0.59123	0.61492	0.991746	293	1	0.26426	0.54103	0.5416	0.992891	264	0	0.26426
ADRBK1	6	0.59218	0.61552	0.991746	294	1	0.0337	0.36281	0.38141	0.992891	177	1	0.0337
NEK3	6	0.59409	0.61693	0.991746	295	1	0.036841	0.93266	0.93308	0.99652	456	0	0.036841
ATR	4	0.5941	0.59359	0.991746	296	0	0.3285	0.0060306	0.016282	0.664846	12	1	0.3285
TEC	6	0.59787	0.61961	0.991746	297	1	0.0010851	0.67166	0.67175	0.992891	325	0	0.0010851
ADCK4	6	0.59881	0.62024	0.991746	298	1	0.050394	0.84675	0.84748	0.993861	415	0	0.050394
ITK	6	0.59975	0.62078	0.991746	299	1	-0.11136	0.072865	0.12757	0.92564	64	2	-0.11136
PDGFRB	6	0.60069	0.62154	0.991746	300	1	0.17651	0.70664	0.70724	0.992891	348	0	0.17651
PRKG1	6	0.6035	0.62377	0.991746	301	1	0.089444	0.84075	0.84137	0.993861	412	0	0.089444
NTRK2	6	0.60443	0.62433	0.991746	302	1	0.30843	0.13924	0.2198	0.976837	107	1	0.30843
PDK4	6	0.60721	0.62634	0.991746	303	1	0.37126	0.10122	0.16684	0.942209	84	1	0.37126
CIT	6	0.60998	0.62838	0.991746	304	1	0.42683	0.10674	0.17445	0.942209	86	1	0.42683
PRKX	6	0.61637	0.63322	0.991746	305	1	0.35055	0.69409	0.69468	0.992891	339	0	0.35055
DAPK2	6	0.61818	0.63435	0.991746	306	1	0.45134	0.42261	0.43038	0.992891	204	1	0.45134
TEK	6	0.62178	0.63718	0.991746	307	1	0.46317	0.036812	0.077318	0.92564	36	2	0.46317
NPR2	6	0.62535	0.6397	0.991746	308	1	0.32188	0.51957	0.52019	0.992891	256	1	0.32188
PRKACB	6	0.63415	0.64653	0.991746	309	1	-0.080671	0.95034	0.95088	0.99652	465	0	-0.080671
ATM	6	0.63589	0.64769	0.991746	310	1	0.5219	0.0030184	0.0098524	0.664846	5	2	0.5219
STK38L	6	0.63676	0.64829	0.991746	311	1	0.035117	0.042543	0.085204	0.92564	42	1	0.035117
RPS6KA4	12	0.63914	0.76779	0.991746	312	1	0.11826	0.24986	0.38246	0.992891	147	2	0.11826
LATS2	6	0.63935	0.65046	0.991746	313	1	0.091786	0.0030779	0.010031	0.664846	6	2	0.091786
LIMK1	6	0.64107	0.65186	0.991746	314	1	-0.11425	0.6842	0.68444	0.992891	334	0	-0.11425
PKN1	6	0.64448	0.65451	0.991746	315	1	-0.36785	0.29945	0.33259	0.992891	160	1	-0.36785
MAPK10	6	0.64618	0.6558	0.991746	316	1	-0.096011	0.77674	0.77663	0.992891	378	0	-0.096011
TIE1	6	0.64956	0.65861	0.991746	317	1	-0.07085	0.86365	0.86447	0.993861	425	0	-0.07085
AURKB	2	0.65092	0.64913	0.991746	318	0	0.74597	0.030985	0.040574	0.864394	33	1	0.74597
ERBB4	6	0.65208	0.66053	0.991746	319	1	-0.18536	0.99091	0.99091	0.997015	487	0	-0.18536
PRKACA	6	0.65458	0.6627	0.991746	320	1	-0.19401	0.50964	0.51022	0.992891	251	1	-0.19401
TLK2	5	0.65755	0.65834	0.991746	321	1	0.18164	0.58013	0.58166	0.992891	282	0	0.18164
PIM1	6	0.66117	0.66813	0.991746	322	1	0.3567	0.38195	0.39659	0.992891	186	1	0.3567
NLK	5	0.66251	0.66301	0.991746	323	1	0.19356	0.6784	0.67912	0.992891	330	0	0.19356
ERN1	6	0.6628	0.66931	0.991746	324	1	-0.19113	0.032202	0.070829	0.92564	34	2	-0.19113
EIF2AK3	6	0.66524	0.67135	0.991746	325	1	0.32202	0.7469	0.74652	0.992891	364	0	0.32202
AK2	6	0.66685	0.67269	0.991746	326	1	0.16801	0.56169	0.56214	0.992891	274	0	0.16801
PDGFRA	6	0.67086	0.67602	0.991746	327	1	-0.15054	0.78859	0.78831	0.992891	386	0	-0.15054
RPS6KA3	12	0.67332	0.79228	0.991746	328	2	-0.23242	0.95646	0.9563	0.99652	468	0	-0.23242
SRC	6	0.67562	0.68013	0.991746	329	1	0.36957	0.067527	0.11989	0.92564	58	1	0.36957
MAP3K7	5	0.67602	0.67648	0.991746	330	0	0.86741	0.012814	0.031925	0.823327	18	3	0.86741
FYN	6	0.6772	0.68131	0.991746	331	1	0.41631	0.54523	0.54565	0.992891	267	0	0.41631
NEK8	6	0.68032	0.68418	0.991746	332	1	0.11585	0.67006	0.67016	0.992891	323	0	0.11585
ROS1	6	0.6811	0.68493	0.991746	333	1	0.049062	0.87509	0.8761	0.995679	431	0	0.049062
BMPR2	6	0.68188	0.68549	0.991746	334	1	-0.10548	0.81719	0.81755	0.992891	401	0	-0.10548
INSRR	6	0.68265	0.68613	0.991746	335	1	0.49484	0.055656	0.10366	0.92564	51	2	0.49484
PAK4	6	0.68803	0.69105	0.991746	336	1	-0.1249	0.5747	0.57492	0.992891	279	0	-0.1249
PDK2	5	0.68975	0.69057	0.991746	337	0	0.083794	0.40697	0.41116	0.992891	197	1	0.083794
STK38	6	0.69409	0.69663	0.991746	338	1	-0.30245	0.32452	0.35142	0.992891	169	1	-0.30245
GUCY2F	6	0.69559	0.69799	0.991746	339	1	0.11365	0.38866	0.40195	0.992891	189	1	0.11365
CDK12	5	0.69628	0.6967	0.991746	340	0	0.7896	0.057861	0.10187	0.92564	52	2	0.7896
MAP2K7	6	0.69708	0.69949	0.991746	341	1	0.2856	0.070618	0.12422	0.92564	61	2	0.2856
NEK1	6	0.70079	0.70295	0.991746	342	1	0.13673	0.39399	0.40625	0.992891	192	1	0.13673
CSNK1G3	6	0.70664	0.70813	0.991746	343	1	0.17619	0.076284	0.13211	0.92564	67	2	0.17619
ZAP70	6	0.70736	0.70892	0.991746	344	1	0.18533	0.86403	0.86472	0.993861	426	0	0.18533
WEE2	6	0.70808	0.70965	0.991746	345	1	-0.15355	0.15512	0.23547	0.976837	116	1	-0.15355
JAK3	12	0.7082	0.81864	0.991746	346	1	0.3675	0.14793	0.28454	0.976837	113	2	0.3675
JAK2	12	0.70849	0.81893	0.991746	347	2	0.2165	0.88182	0.88376	0.99652	433	0	0.2165
TXK	6	0.71024	0.71142	0.991746	348	1	0.47074	0.38464	0.39875	0.992891	187	1	0.47074
SIK3	6	0.71167	0.71274	0.991746	349	1	-0.17473	0.11405	0.18503	0.942209	94	1	-0.17473
PSKH2	6	0.7131	0.71395	0.991746	350	1	0.25266	0.1282	0.20413	0.969717	104	2	0.25266
PTK2B	6	0.71594	0.71631	0.991746	351	1	-0.016533	0.9413	0.94182	0.99652	460	0	-0.016533
MARK4	6	0.71735	0.71775	0.991746	352	1	-0.061395	0.36558	0.38344	0.992891	180	1	-0.061395
CSNK1G2	6	0.71875	0.71913	0.991746	353	1	0.4248	0.018258	0.045884	0.878876	23	3	0.4248
ROR1	6	0.71945	0.71977	0.991746	354	1	0.0224	0.56068	0.56105	0.992891	273	0	0.0224
OXSR1	6	0.72292	0.72305	0.991746	355	1	0.40601	0.26584	0.30891	0.989324	153	1	0.40601
SIK1	6	0.72773	0.72777	0.991746	356	1	0.057842	0.80973	0.80985	0.992891	397	0	0.057842
SNRK	6	0.73112	0.7311	0.991746	357	1	-0.16284	0.65208	0.65213	0.992891	316	0	-0.16284
KDR	6	0.73313	0.73306	0.991746	358	0	-0.09955	0.95401	0.95391	0.99652	467	0	-0.09955
ADCK1	6	0.73647	0.73614	0.991746	359	0	0.2821	0.34177	0.36479	0.992891	171	1	0.2821
STK3	6	0.73779	0.73746	0.991746	360	0	-0.36564	0.95276	0.95281	0.99652	466	0	-0.36564
LMTK2	6	0.73845	0.73819	0.991746	361	0	-0.11606	0.96546	0.96528	0.99652	474	0	-0.11606
LRRK2	6	0.74368	0.74327	0.991746	362	0	-0.0037769	0.68188	0.68215	0.992891	333	0	-0.0037769
MAPKAPK3	6	0.74432	0.74392	0.991746	363	0	0.13251	0.58546	0.58541	0.992891	286	0	0.13251
DCLK3	6	0.74561	0.74512	0.991746	364	0	0.33448	0.59027	0.59044	0.992891	289	0	0.33448
CAMK1	6	0.74626	0.7457	0.991746	365	0	-0.16403	0.70152	0.7023	0.992891	346	0	-0.16403
PRKCQ	5	0.74632	0.74676	0.991746	366	0	0.17465	0.5868	0.58837	0.992891	287	0	0.17465
WNK2	6	0.74754	0.74707	0.991746	367	0	-0.23324	0.074567	0.12979	0.92564	66	2	-0.23324
WNK4	6	0.74882	0.74838	0.991746	368	0	0.20283	0.68574	0.68607	0.992891	335	0	0.20283
STK11	6	0.75324	0.75299	0.991746	369	0	0.09282	0.76912	0.76923	0.992891	374	0	0.09282
CDKL3	6	0.75822	0.75769	0.991746	370	0	-0.32394	0.77846	0.77818	0.992891	380	0	-0.32394
MAP2K4	6	0.76007	0.75963	0.991746	371	0	0.18993	0.6888	0.68922	0.992891	336	0	0.18993
EPHA5	6	0.76554	0.76548	0.991746	372	0	0.045537	0.495	0.49561	0.992891	242	1	0.045537
POMK	4	0.76813	0.76822	0.991746	373	0	-0.00098559	0.90992	0.90866	0.99652	444	0	-0.00098559
GCK	6	0.76972	0.76985	0.991746	374	0	-0.031091	0.18445	0.25395	0.976837	127	1	-0.031091
PBK	6	0.77731	0.77717	0.991746	375	0	0.51925	0.55455	0.55515	0.992891	269	0	0.51925
MAP4K5	6	0.77789	0.77773	0.991746	376	0	0.012036	0.48581	0.48729	0.992891	237	1	0.012036
MAP3K12	6	0.78301	0.78276	0.991746	377	0	0.41909	0.068951	0.12197	0.92564	59	2	0.41909
STK31	6	0.7847	0.78431	0.991746	378	0	-0.061761	0.50853	0.50913	0.992891	250	1	-0.061761
PRKCB	6	0.78638	0.786	0.991746	379	0	0.23329	0.30838	0.3393	0.992891	163	1	0.23329
EEF2K	6	0.78804	0.78766	0.991746	380	0	-0.21785	0.8201	0.82058	0.992891	403	0	-0.21785
ROR2	6	0.78859	0.78831	0.991746	381	0	0.29535	0.057983	0.10679	0.92564	53	2	0.29535
EPHB2	6	0.79079	0.79046	0.991746	382	0	0.021458	0.95017	0.95061	0.99652	464	0	0.021458
EPHB1	6	0.79243	0.79206	0.991746	383	0	0.047632	0.60813	0.60842	0.992891	297	0	0.047632
KIT	6	0.79351	0.79308	0.991746	384	0	0.17463	0.88867	0.8894	0.99652	434	0	0.17463
PRKCZ	6	0.79513	0.79466	0.991746	385	0	-0.23295	0.86133	0.86231	0.993861	422	0	-0.23295
PRKCE	6	0.7962	0.79582	0.991746	386	0	0.0367	0.79459	0.79419	0.992891	391	0	0.0367
CDK3	6	0.79939	0.7989	0.991746	387	0	-0.092157	0.76853	0.76861	0.992891	373	0	-0.092157
MET	6	0.79992	0.79964	0.991746	388	0	0.17741	0.23414	0.28677	0.976837	141	1	0.17741
ERBB2	6	0.80202	0.80168	0.991746	389	0	-0.20081	0.48116	0.48311	0.992891	233	1	-0.20081
MYO3B	6	0.80668	0.80661	0.991746	390	0	-0.099201	0.63676	0.63665	0.992891	310	0	-0.099201
MAPK9	6	0.80821	0.8084	0.991746	391	0	0.068653	0.080931	0.13858	0.92564	72	2	0.068653
DYRK1A	6	0.80872	0.80886	0.991746	392	0	-0.16983	0.45497	0.45857	0.992891	224	1	-0.16983
MAP3K11	6	0.81174	0.81182	0.991746	393	0	0.34812	0.51518	0.51584	0.992891	253	1	0.34812
MAP3K2	6	0.81374	0.81394	0.991746	394	0	0.048112	0.78582	0.78533	0.992891	383	0	0.048112
MAP3K8	6	0.81816	0.81868	0.991746	395	0	0.28311	0.73713	0.73684	0.992891	360	0	0.28311
NRBP2	6	0.81865	0.81924	0.991746	396	0	0.34127	0.34319	0.36577	0.992891	172	1	0.34127
FLT3	6	0.82298	0.82361	0.991746	397	0	-0.088537	0.43148	0.43775	0.992891	210	1	-0.088537
MATK	6	0.8244	0.82493	0.991746	398	0	0.025293	0.22278	0.27924	0.976837	137	1	0.025293
CAMK2D	6	0.82675	0.82726	0.991746	399	0	-0.17803	0.81816	0.81868	0.992891	402	0	-0.17803
HUNK	6	0.82861	0.82909	0.991746	400	0	0.081886	0.17763	0.24944	0.976837	124	1	0.081886
CDKL2	6	0.83319	0.83389	0.991746	401	0	0.2401	0.050289	0.096468	0.92564	46	2	0.2401
LMTK3	6	0.83634	0.83709	0.991746	402	0	0.010727	0.78638	0.786	0.992891	384	0	0.010727
BMPR1B	6	0.83678	0.83748	0.991746	403	0	0.23069	0.038113	0.079092	0.92564	38	2	0.23069
TGFBR2	6	0.83723	0.83799	0.991746	404	0	0.10083	0.069427	0.12259	0.92564	60	1	0.10083
EPHA4	6	0.84031	0.84091	0.991746	405	0	0.10614	0.90447	0.90569	0.99652	441	0	0.10614
MELK	6	0.85338	0.85404	0.991746	406	0	0.55288	0.4574	0.46101	0.992891	225	1	0.55288
PRPF4B	4	0.85474	0.85507	0.991746	407	0	0.31606	0.027252	0.050986	0.878876	30	1	0.31606
ERBB3	6	0.85899	0.85988	0.991746	408	0	-0.035285	0.59123	0.59141	0.992891	290	0	-0.035285
LYN	6	0.85938	0.86032	0.991746	409	0	0.10648	0.4006	0.41178	0.992891	195	1	0.10648
CDKL5	6	0.86016	0.86107	0.991746	410	0	0.36314	0.69484	0.69555	0.992891	340	0	0.36314
EPHA3	6	0.86133	0.86231	0.991746	411	0	0.050388	0.25171	0.29876	0.976837	149	1	0.050388
MAST1	6	0.86211	0.86305	0.991746	412	0	0.092123	0.45376	0.45745	0.992891	223	1	0.092123
RPL23A	2	0.86762	0.86619	0.991746	413	0	0.488	0.28876	0.28787	0.976837	157	0	0.488
PRKD2	6	0.86966	0.87086	0.991746	414	0	0.032024	0.77442	0.77443	0.992891	377	0	0.032024
SCYL2	6	0.87003	0.87124	0.991746	415	0	0.14653	0.67246	0.67257	0.992891	327	0	0.14653
IRAK2	6	0.87186	0.87299	0.991746	416	0	0.13564	0.49042	0.49144	0.992891	240	1	0.13564
MAP3K4	6	0.87474	0.87574	0.991746	417	0	-0.05043	0.97266	0.97248	0.997015	476	0	-0.05043
VRK2	6	0.87791	0.87857	0.991746	418	0	0.13592	0.72568	0.72575	0.992891	358	0	0.13592
NEK11	6	0.8793	0.8799	0.991746	419	0	-0.01199	0.14279	0.22503	0.976837	111	1	-0.01199
MYLK4	6	0.88137	0.88184	0.991746	420	0	-0.057812	0.42516	0.43237	0.992891	206	1	-0.057812
ROCK2	6	0.88272	0.88315	0.991746	421	0	0.088937	0.75884	0.75834	0.992891	369	0	0.088937
STK33	6	0.88473	0.88514	0.991746	422	0	0.017035	0.51848	0.51901	0.992891	255	1	0.017035
PRKAA2	6	0.88573	0.88608	0.991746	423	0	0.50572	0.088241	0.14804	0.930016	78	1	0.50572
SGK494	6	0.88639	0.88678	0.991746	424	0	0.33896	0.086374	0.14546	0.92564	77	1	0.33896
HIPK1	6	0.88737	0.88787	0.991746	425	0	0.0034147	0.96618	0.96601	0.99652	475	0	0.0034147
CAMKK2	6	0.88867	0.8894	0.991746	426	0	0.30523	0.0072523	0.02076	0.782487	13	2	0.30523
CAMK2B	6	0.889	0.88974	0.991746	427	0	0.27752	0.043046	0.085828	0.92564	43	2	0.27752
CHEK1	1	0.88969	0.89074	0.991746	428	0	0.89435	0.11031	0.1111	0.92564	90	1	0.89435
MARK1	6	0.89187	0.89269	0.991746	429	0	0.024528	0.69334	0.69399	0.992891	338	0	0.024528
FGFR1	6	0.89375	0.89436	0.991746	430	0	0.49077	0.085677	0.14461	0.92564	75	2	0.49077
TRIB3	6	0.90187	0.90317	0.991746	431	0	0.63857	0.11872	0.19118	0.942209	100	2	0.63857
DAPK3	6	0.90389	0.9051	0.991746	432	0	0.10451	0.1621	0.23975	0.976837	120	1	0.10451
TRIB1	6	0.90728	0.9083	0.991746	433	0	0.54612	0.44887	0.45268	0.992891	219	1	0.54612
TSSK2	6	0.91056	0.9115	0.991746	434	0	0.028874	0.89312	0.89384	0.99652	437	0	0.028874
DYRK4	6	0.91083	0.91171	0.991746	435	0	0.29568	0.3642	0.38245	0.992891	179	1	0.29568
MAPK7	6	0.91136	0.91219	0.991746	436	0	0.27917	0.20131	0.26509	0.976837	132	1	0.27917
CLK3	6	0.91216	0.91294	0.991746	437	0	0.73661	0.11209	0.18206	0.942209	92	2	0.73661
DSTYK	6	0.91269	0.91341	0.991746	438	0	0.26082	0.24377	0.29356	0.976837	143	1	0.26082
TLK1	6	0.91374	0.91425	0.991746	439	0	0.2942	0.84506	0.84581	0.993861	414	0	0.2942
PAK2	6	0.91427	0.91477	0.991746	440	0	0.64832	0.022161	0.054453	0.878876	27	3	0.64832
MLKL	6	0.91934	0.91962	0.991746	441	0	0.18377	0.78245	0.78221	0.992891	382	0	0.18377
PNCK	6	0.91983	0.92005	0.991746	442	0	0.05742	0.57864	0.5787	0.992891	281	0	0.05742
GRK4	6	0.92081	0.92112	0.991746	443	0	0.1829	0.60069	0.60056	0.992891	292	0	0.1829
CSNK2A2	6	0.9213	0.92159	0.991746	444	0	0.32938	0.52393	0.52467	0.992891	258	0	0.32938
ZAK	6	0.92274	0.92302	0.991746	445	0	0.17017	0.35026	0.37149	0.992891	174	1	0.17017
SIK2	6	0.92392	0.92413	0.991746	446	0	0.072157	0.25013	0.29771	0.976837	148	1	0.072157
RIPK1	6	0.92533	0.92553	0.991746	447	0	0.2775	0.60906	0.6093	0.992891	298	0	0.2775
STK32B	6	0.92579	0.92605	0.991746	448	0	0.43241	0.10752	0.17554	0.942209	87	2	0.43241
GRK5	6	0.92648	0.92669	0.991746	449	0	0.5275	0.071738	0.12589	0.92564	63	2	0.5275
CDK16	6	0.92716	0.92718	0.991746	450	0	0.33883	0.69857	0.69927	0.992891	342	0	0.33883
STK17B	6	0.92761	0.92759	0.991746	451	0	0.11053	0.62357	0.62376	0.992891	305	0	0.11053
KSR1	6	0.92918	0.9293	0.991746	452	0	0.069422	0.96136	0.96109	0.99652	471	0	0.069422
RPS6KA1	12	0.92949	0.93043	0.991746	453	0	0.25098	0.12856	0.25452	0.976837	105	2	0.25098
PINK1	6	0.93202	0.93241	0.991746	454	0	-0.0013543	0.55966	0.56	0.992891	272	0	-0.0013543
EPHB3	6	0.93223	0.93264	0.991746	455	0	0.069899	0.24854	0.29688	0.976837	146	1	0.069899
MAPK3	5	0.93469	0.93544	0.991746	456	0	0.086751	0.83358	0.8337	0.993861	410	0	0.086751
IKBKE	6	0.9368	0.93703	0.991746	457	0	0.33996	0.1481	0.23118	0.976837	114	1	0.33996
CSNK1G1	6	0.9372	0.93745	0.991746	458	0	0.54535	0.45132	0.45505	0.992891	221	1	0.54535
CSF1R	6	0.94073	0.94123	0.991746	459	0	0.9759	0.0041254	0.012597	0.664846	7	3	0.9759
LTK	6	0.94336	0.94385	0.991746	460	0	0.14522	0.72292	0.72295	0.992891	356	0	0.14522
NTRK1	6	0.94764	0.9479	0.991746	461	0	0.14867	0.5018	0.50265	0.992891	247	1	0.14867
PRKD1	6	0.9518	0.95203	0.991746	462	0	0.014763	0.44518	0.44936	0.992891	216	1	0.014763
STK35	6	0.95212	0.95231	0.991746	463	0	0.51558	0.64363	0.64372	0.992891	313	0	0.51558
STK40	6	0.95292	0.95296	0.991746	464	0	0.60348	0.32161	0.34906	0.992891	168	1	0.60348
CDK15	6	0.95339	0.95338	0.991746	465	0	0.56996	0.44764	0.45161	0.992891	218	1	0.56996
DDR2	6	0.95401	0.95391	0.991746	466	0	0.13312	0.49728	0.49803	0.992891	244	1	0.13312
IRAK1	6	0.95448	0.95436	0.991746	467	0	-0.021972	0.63589	0.6359	0.992891	309	0	-0.021972
MAST3	6	0.95554	0.95523	0.991746	468	0	0.2605	0.50517	0.50577	0.992891	248	1	0.2605
STK17A	6	0.95945	0.95928	0.991746	469	0	0.28987	0.1946	0.26037	0.976837	131	1	0.28987
STK32C	6	0.95987	0.95965	0.991746	470	0	0.092292	0.50629	0.50675	0.992891	249	1	0.092292
NEK4	6	0.96333	0.96315	0.991746	471	0	0.32168	0.70952	0.71024	0.992891	351	0	0.32168
CDC7	4	0.96419	0.96409	0.991746	472	0	0.84428	0.19078	0.21075	0.969717	129	1	0.84428
STK39	6	0.96434	0.96426	0.991746	473	0	0.25498	0.22929	0.28377	0.976837	139	1	0.25498
MAK	6	0.96546	0.96528	0.991746	474	0	0.45991	0.065625	0.11721	0.92564	57	1	0.45991
MAPK12	6	0.96606	0.96592	0.991746	475	0	0.4099	0.0050264	0.014727	0.664846	8	2	0.4099
SGK2	6	0.96642	0.96625	0.991746	476	0	0.17205	0.084481	0.14294	0.92564	74	2	0.17205
MAP2K5	6	0.96701	0.96683	0.991746	477	0	0.26034	0.66117	0.66155	0.992891	319	0	0.26034
ACVRL1	6	0.96794	0.96768	0.991746	478	0	0.10742	0.44023	0.44522	0.992891	213	1	0.10742
MAP3K14	6	0.96973	0.96948	0.991746	479	0	0.088514	0.30541	0.33707	0.992891	161	1	0.088514
NEK9	6	0.97195	0.97178	0.992026	480	0	0.15136	0.34461	0.36695	0.992891	173	1	0.15136
MAPK6	6	0.97731	0.97724	0.993075	481	0	0.38912	0.079176	0.13618	0.92564	70	2	0.38912
PRKY	5	0.97812	0.97778	0.993075	482	0	0.71738	0.4893	0.49108	0.992891	239	0	0.71738
TSSK6	6	0.9789	0.97889	0.993075	483	0	0.38172	0.022027	0.054205	0.878876	26	2	0.38172
EPHB4	6	0.98099	0.98091	0.993075	484	0	0.32171	0.12492	0.19972	0.959428	103	1	0.32171
NEK2	6	0.99099	0.99098	0.995895	485	0	0.45223	0.10947	0.17836	0.942209	89	2	0.45223
FGFR3	6	0.99176	0.99172	0.995895	486	0	0.34443	0.6628	0.663	0.992891	320	0	0.34443
EIF2AK1	6	0.99187	0.99182	0.995895	487	0	0.52106	0.48465	0.48631	0.992891	236	1	0.52106
DDR1	6	0.99319	0.9929	0.995895	488	0	0.63162	0.50067	0.50142	0.992891	246	1	0.63162
PKN3	6	0.99425	0.99386	0.995895	489	0	0.54592	0.53361	0.53444	0.992891	262	0	0.54592
ULK2	6	0.99913	0.99912	0.999123	490	0	0.74332	0.039434	0.080736	0.92564	40	2	0.74332
