GENE	sumZ	numObs	normZ	pval_synth	rank_synth	fdr_synth	pval_supp	rank_supp	fdr_supp
ERBB2	-11.33	6	-4.05	2.58e-05	1	0.0126	1	490	1
POLR2D	-3.69	1	-3.19	0.000711	2	0.174	0.999	489	1
FGFR1	-8.37	6	-2.94	0.00163	3	0.266	0.998	488	1
AKT2	-7.95	6	-2.79	0.00266	4	0.324	0.997	487	1
PCNA	-5.45	3	-2.70	0.00351	5	0.324	0.996	486	1
UHMK1	-7.60	6	-2.65	0.00397	6	0.324	0.996	485	1
PRKD1	-7.33	6	-2.55	0.00535	7	0.338	0.995	484	1
POLR2A	-6.66	5	-2.54	0.00553	8	0.338	0.994	483	1
ACVR1	-6.71	6	-2.32	0.0101	9	0.517	0.99	482	1
ERBB3	-6.67	6	-2.31	0.0105	10	0.517	0.989	481	1
PRKCZ	-6.25	6	-2.15	0.0158	11	0.704	0.984	480	1
LCK	-5.76	6	-1.97	0.0245	12	0.958	0.976	479	0.998
AMHR2	-5.68	6	-1.94	0.0264	13	0.958	0.974	478	0.998
PKN2	-5.49	6	-1.87	0.0309	14	0.958	0.969	477	0.996
CDC42BPA	-5.44	6	-1.85	0.0322	15	0.958	0.968	476	0.996
CDK10	-5.39	6	-1.83	0.0337	16	0.958	0.966	475	0.996
INSRR	-5.21	6	-1.76	0.0389	17	0.958	0.961	474	0.994
NEK5	-5.13	6	-1.73	0.0417	18	0.958	0.958	473	0.993
ICK	-5.04	6	-1.70	0.0446	19	0.958	0.955	472	0.992
CAMK1D	-5.03	6	-1.70	0.0449	20	0.958	0.955	471	0.992
HIPK4	-5.00	6	-1.68	0.0461	21	0.958	0.954	470	0.992
RIOK2	-4.54	5	-1.68	0.0469	22	0.958	0.953	469	0.992
MKNK1	-4.92	6	-1.65	0.0492	23	0.958	0.951	468	0.992
LMTK2	-4.83	6	-1.62	0.0526	24	0.958	0.947	467	0.992
HIPK1	-4.78	6	-1.60	0.0548	25	0.958	0.945	466	0.992
RPS6KA2	-6.57	12	-1.55	0.0605	26	0.958	0.939	465	0.99
TSSK1B	-4.61	6	-1.54	0.0618	27	0.958	0.938	464	0.99
MAPKAPK5	-4.61	6	-1.54	0.0619	28	0.958	0.938	463	0.99
PRKAA2	-4.61	6	-1.54	0.0622	29	0.958	0.938	462	0.99
ERBB4	-4.59	6	-1.53	0.0628	30	0.958	0.937	461	0.99
VRK1	-4.58	6	-1.53	0.0632	31	0.958	0.937	460	0.99
ZAK	-4.46	6	-1.48	0.0689	32	0.958	0.931	459	0.99
TAOK3	-4.43	6	-1.47	0.0705	33	0.958	0.93	458	0.99
STK3	-4.43	6	-1.47	0.0708	34	0.958	0.929	457	0.99
RAF1	-4.34	6	-1.44	0.0755	35	0.958	0.924	456	0.99
DYRK3	-4.26	6	-1.41	0.0794	36	0.958	0.921	455	0.99
DYRK1B	-4.26	6	-1.41	0.0796	37	0.958	0.92	454	0.99
IGF1R	-4.23	6	-1.40	0.0812	38	0.958	0.919	453	0.99
WNK2	-4.20	6	-1.38	0.0832	39	0.958	0.917	452	0.99
TBK1	-4.19	6	-1.38	0.0834	40	0.958	0.917	451	0.99
MAP3K5	-4.18	6	-1.38	0.0841	41	0.958	0.916	450	0.99
TNIK	-4.12	6	-1.36	0.0875	42	0.958	0.913	449	0.99
PDK1	-3.33	4	-1.34	0.0903	43	0.958	0.91	448	0.99
EPHA5	-4.03	6	-1.32	0.0933	44	0.958	0.907	447	0.99
ACVR1C	-3.95	6	-1.29	0.0984	45	0.958	0.902	446	0.99
CSNK2A1	-3.56	5	-1.27	0.102	46	0.958	0.898	445	0.989
MTOR	-3.18	4	-1.27	0.102	47	0.958	0.898	444	0.989
MAPK8	-3.84	6	-1.25	0.106	48	0.958	0.894	443	0.989
ADCK5	-3.83	6	-1.25	0.106	49	0.958	0.894	442	0.989
PAK6	-3.77	6	-1.23	0.11	50	0.958	0.89	441	0.989
TYRO3	-3.76	6	-1.22	0.111	51	0.958	0.889	440	0.989
MAP4K5	-3.71	6	-1.20	0.115	52	0.958	0.885	439	0.988
ACVR1B	-3.69	6	-1.20	0.116	53	0.958	0.884	438	0.988
GRK5	-3.68	6	-1.19	0.116	54	0.958	0.884	437	0.988
CAMK4	-3.64	6	-1.18	0.12	55	0.958	0.88	436	0.988
PTK6	-3.62	6	-1.17	0.121	56	0.958	0.879	435	0.988
MAP4K4	-3.59	6	-1.16	0.124	57	0.958	0.876	434	0.988
MAP3K9	-3.58	6	-1.15	0.125	58	0.958	0.875	433	0.988
LRRK1	-3.53	6	-1.14	0.128	59	0.958	0.872	432	0.988
EIF2AK4	-4.94	12	-1.12	0.131	60	0.958	0.869	431	0.988
MAPK15	-3.47	6	-1.11	0.133	61	0.958	0.867	430	0.988
PHKG2	-3.41	6	-1.09	0.138	62	0.958	0.862	429	0.985
MAP3K2	-3.41	6	-1.09	0.138	63	0.958	0.862	428	0.985
TRPM6	-3.40	6	-1.09	0.139	64	0.958	0.861	427	0.985
ROCK1	-3.39	6	-1.08	0.14	65	0.958	0.86	426	0.985
LYN	-3.36	6	-1.07	0.142	66	0.958	0.858	425	0.985
EPHA6	-3.33	6	-1.06	0.144	67	0.958	0.856	424	0.985
TESK2	-3.21	6	-1.02	0.155	68	0.958	0.845	423	0.979
BCR	-3.21	6	-1.01	0.155	69	0.958	0.845	422	0.979
PAK4	-3.18	6	-1.01	0.157	70	0.958	0.843	421	0.979
TRPM7	-3.15	6	-0.99	0.16	71	0.958	0.84	420	0.979
KDR	-3.13	6	-0.99	0.162	72	0.958	0.838	419	0.979
CLK4	-3.12	6	-0.98	0.163	73	0.958	0.837	418	0.979
PRKCD	-2.99	6	-0.93	0.175	74	0.958	0.825	417	0.969
PKN1	-2.95	6	-0.92	0.179	75	0.958	0.821	416	0.967
ANKK1	-2.92	6	-0.91	0.182	76	0.958	0.818	415	0.966
CAMK2A	-2.90	6	-0.90	0.184	77	0.958	0.816	414	0.966
EIF2AK2	-2.89	6	-0.90	0.185	78	0.958	0.815	413	0.966
CDK17	-2.88	6	-0.89	0.186	79	0.958	0.814	412	0.966
KIT	-2.84	6	-0.88	0.19	80	0.958	0.81	411	0.965
MAP3K8	-2.80	6	-0.86	0.195	81	0.958	0.805	410	0.963
STRADA	-2.78	6	-0.85	0.196	82	0.958	0.804	409	0.963
CDK2	-1.60	2	-0.85	0.197	83	0.958	0.803	408	0.963
VRK3	-2.73	6	-0.84	0.201	84	0.958	0.799	407	0.962
EPHA4	-2.73	6	-0.84	0.202	85	0.958	0.798	406	0.962
ERN1	-2.70	6	-0.83	0.204	86	0.958	0.796	405	0.962
MET	-2.69	6	-0.82	0.205	87	0.958	0.795	404	0.962
MAP3K3	-2.69	6	-0.82	0.206	88	0.958	0.794	403	0.962
WNK1	-2.44	5	-0.81	0.208	89	0.958	0.792	402	0.962
RNASEL	-2.65	6	-0.80	0.21	90	0.958	0.79	401	0.962
PRKAA1	-2.60	6	-0.79	0.215	91	0.958	0.785	400	0.961
TLK2	-2.37	5	-0.79	0.216	92	0.958	0.784	399	0.961
FRK	-2.56	6	-0.77	0.219	93	0.958	0.781	398	0.961
MYO3B	-2.56	6	-0.77	0.219	94	0.958	0.781	397	0.961
SGK494	-2.54	6	-0.77	0.222	95	0.958	0.778	396	0.961
PRKD3	-2.49	6	-0.75	0.227	96	0.958	0.773	395	0.959
STK33	-2.48	6	-0.74	0.229	97	0.958	0.771	394	0.959
BRSK1	-2.45	6	-0.73	0.232	98	0.958	0.768	393	0.957
MAP2K4	-2.44	6	-0.73	0.234	99	0.958	0.766	392	0.957
PTK2	-2.40	6	-0.71	0.238	100	0.958	0.762	391	0.955
LIMK2	-2.39	6	-0.71	0.239	101	0.958	0.761	390	0.955
TTBK1	-2.39	6	-0.71	0.239	102	0.958	0.761	389	0.955
LRRK2	-2.38	6	-0.71	0.24	103	0.958	0.76	388	0.955
MAST3	-2.37	6	-0.70	0.242	104	0.958	0.758	387	0.955
WNK3	-2.37	6	-0.70	0.242	105	0.958	0.758	386	0.955
HIPK2	-2.36	6	-0.70	0.242	106	0.958	0.758	385	0.955
PRKCG	-2.36	6	-0.70	0.243	107	0.958	0.757	384	0.955
SLK	-2.35	6	-0.69	0.244	108	0.958	0.756	383	0.955
JAK1	-3.30	12	-0.69	0.245	109	0.958	0.755	382	0.955
DYRK1A	-2.31	6	-0.68	0.248	110	0.958	0.752	381	0.955
CDK6	-2.30	6	-0.68	0.249	111	0.958	0.751	380	0.955
BTK	-2.29	6	-0.67	0.25	112	0.958	0.75	379	0.955
FYN	-2.24	6	-0.66	0.256	113	0.958	0.744	378	0.955
STK4	-2.22	6	-0.65	0.259	114	0.958	0.741	377	0.955
TLK1	-2.20	6	-0.64	0.262	115	0.958	0.738	376	0.955
PRPF4B	-1.77	4	-0.63	0.266	116	0.958	0.734	375	0.955
OBSCN	-3.06	12	-0.62	0.266	117	0.958	0.734	374	0.955
CDK20	-2.11	6	-0.61	0.272	118	0.958	0.728	373	0.955
MOK	-2.11	6	-0.60	0.273	119	0.958	0.727	372	0.955
SIK1	-2.09	6	-0.60	0.275	120	0.958	0.725	371	0.955
TRRAP	-1.47	3	-0.59	0.277	121	0.958	0.723	370	0.955
ROR1	-2.05	6	-0.58	0.28	122	0.958	0.72	369	0.955
NEK10	-2.03	6	-0.57	0.283	123	0.958	0.717	368	0.955
MAP4K1	-2.02	6	-0.57	0.284	124	0.958	0.716	367	0.955
EPHB3	-2.02	6	-0.57	0.284	125	0.958	0.716	366	0.955
ARAF	-2.01	6	-0.57	0.286	126	0.958	0.714	365	0.955
PBK	-1.99	6	-0.56	0.288	127	0.958	0.712	364	0.955
EPHA7	-1.97	6	-0.55	0.29	128	0.958	0.71	363	0.955
PDK3	-1.97	6	-0.55	0.29	129	0.958	0.71	362	0.955
GRK6	-1.97	6	-0.55	0.29	130	0.958	0.71	361	0.955
EPHA10	-1.97	6	-0.55	0.291	131	0.958	0.709	360	0.955
MYO3A	-1.96	6	-0.55	0.292	132	0.958	0.708	359	0.955
BMP2K	-1.96	6	-0.55	0.292	133	0.958	0.708	358	0.955
NEK6	-1.94	6	-0.54	0.294	134	0.958	0.706	357	0.955
RPS6KB1	-1.94	6	-0.54	0.294	135	0.958	0.706	356	0.955
BMPR1A	-1.92	6	-0.53	0.297	136	0.958	0.703	355	0.955
TSSK3	-1.91	6	-0.53	0.298	137	0.958	0.702	354	0.955
HCK	-1.90	6	-0.53	0.299	138	0.958	0.701	353	0.955
PRKCA	-1.89	6	-0.52	0.301	139	0.958	0.699	352	0.955
MAST2	-1.87	6	-0.52	0.303	140	0.958	0.697	351	0.955
MAPK3	-1.70	5	-0.51	0.304	141	0.958	0.696	350	0.955
FLT1	-1.87	6	-0.51	0.304	142	0.958	0.696	349	0.955
GSG2	-1.86	6	-0.51	0.305	143	0.958	0.695	348	0.955
MAP2K1	-1.67	5	-0.50	0.308	144	0.958	0.692	347	0.955
MOS	-1.82	6	-0.50	0.31	145	0.958	0.69	346	0.955
HIPK3	-1.65	5	-0.49	0.311	146	0.958	0.689	345	0.955
ROS1	-1.81	6	-0.49	0.311	147	0.958	0.689	344	0.955
BUB1	-1.80	6	-0.49	0.312	148	0.958	0.688	343	0.955
PTK2B	-1.80	6	-0.49	0.313	149	0.958	0.687	342	0.955
TIE1	-1.77	6	-0.48	0.316	150	0.958	0.684	341	0.955
PRKACB	-1.77	6	-0.48	0.317	151	0.958	0.683	340	0.955
STKLD1	-1.76	6	-0.48	0.317	152	0.958	0.683	339	0.955
PTK7	-1.76	6	-0.48	0.317	153	0.958	0.683	338	0.955
GSK3A	-1.73	6	-0.46	0.322	154	0.958	0.678	337	0.955
MAP3K4	-1.72	6	-0.46	0.323	155	0.958	0.677	336	0.955
MARK1	-1.72	6	-0.46	0.324	156	0.958	0.676	335	0.955
JAK3	-2.40	12	-0.45	0.327	157	0.958	0.673	334	0.955
MLKL	-1.69	6	-0.45	0.327	158	0.958	0.673	333	0.955
NEK3	-1.67	6	-0.44	0.329	159	0.958	0.671	332	0.955
STK16	-1.65	6	-0.43	0.333	160	0.958	0.667	331	0.955
CDKL3	-1.64	6	-0.43	0.333	161	0.958	0.667	330	0.955
TNK2	-1.64	6	-0.43	0.334	162	0.958	0.666	329	0.955
CHUK	-1.61	6	-0.42	0.338	163	0.958	0.662	328	0.955
NUAK1	-1.59	6	-0.41	0.341	164	0.958	0.659	327	0.955
AKT3	-1.55	6	-0.40	0.346	165	0.958	0.654	326	0.955
POMK	-1.27	4	-0.40	0.346	166	0.958	0.654	325	0.955
DMPK	-1.55	6	-0.39	0.346	167	0.958	0.654	324	0.955
SGK2	-1.54	6	-0.39	0.348	168	0.958	0.652	323	0.955
TSSK2	-1.52	6	-0.38	0.351	169	0.958	0.649	322	0.955
TBCK	-1.51	6	-0.38	0.351	170	0.958	0.649	321	0.955
PASK	-1.48	6	-0.37	0.356	171	0.958	0.644	320	0.955
RIOK3	-1.45	6	-0.36	0.361	172	0.958	0.639	319	0.955
MAPKAPK2	-1.44	6	-0.35	0.362	173	0.958	0.638	318	0.955
BRSK2	-1.42	6	-0.35	0.364	174	0.958	0.636	317	0.955
CDK7	-1.26	5	-0.33	0.37	175	0.958	0.63	316	0.955
BMPR2	-1.37	6	-0.33	0.372	176	0.958	0.628	315	0.955
GUCY2D	-1.35	6	-0.32	0.374	177	0.958	0.626	314	0.955
PIK3R4	-1.23	5	-0.32	0.374	178	0.958	0.626	313	0.955
AK2	-1.32	6	-0.31	0.378	179	0.958	0.622	312	0.955
PRKD2	-1.32	6	-0.31	0.378	180	0.958	0.622	311	0.955
ZAP70	-1.32	6	-0.31	0.379	181	0.958	0.621	310	0.955
PLK3	-1.31	6	-0.31	0.379	182	0.958	0.621	309	0.955
RPS6KB2	-1.30	6	-0.30	0.381	183	0.958	0.619	308	0.955
PIM2	-1.30	6	-0.30	0.382	184	0.958	0.618	307	0.955
RIOK1	-1.17	5	-0.29	0.384	185	0.958	0.616	306	0.955
PRKG2	-1.26	6	-0.29	0.387	186	0.958	0.613	305	0.955
MYLK2	-1.21	6	-0.27	0.394	187	0.958	0.606	304	0.955
TTBK2	-1.21	6	-0.27	0.394	188	0.958	0.606	303	0.955
SCYL1	-1.19	6	-0.26	0.396	189	0.958	0.604	302	0.955
PSKH1	-1.18	6	-0.26	0.399	190	0.958	0.601	301	0.955
STK35	-1.17	6	-0.25	0.4	191	0.958	0.6	300	0.955
FLT4	-1.17	6	-0.25	0.4	192	0.958	0.6	299	0.955
MAP2K6	-1.14	6	-0.24	0.404	193	0.958	0.596	298	0.955
DDR2	-1.13	6	-0.24	0.405	194	0.958	0.595	297	0.955
PAK7	-1.13	6	-0.24	0.406	195	0.958	0.594	296	0.955
ABL1	-1.06	6	-0.21	0.416	196	0.958	0.584	295	0.955
ULK3	-1.05	6	-0.21	0.417	197	0.958	0.583	294	0.955
CAMK2B	-1.04	6	-0.21	0.419	198	0.958	0.581	293	0.955
NIM1K	-1.02	6	-0.20	0.421	199	0.958	0.579	292	0.955
CAMK1	-1.02	6	-0.20	0.422	200	0.958	0.578	291	0.955
MERTK	-1.02	6	-0.20	0.422	201	0.958	0.578	290	0.955
SGK1	-1.01	6	-0.20	0.423	202	0.958	0.577	289	0.955
PDPK1	-0.92	5	-0.19	0.423	203	0.958	0.577	288	0.955
FGFR4	-1.01	6	-0.19	0.423	204	0.958	0.577	287	0.955
ITK	-1.00	6	-0.19	0.424	205	0.958	0.576	286	0.955
CDKL2	-1.00	6	-0.19	0.424	206	0.958	0.576	285	0.955
NRBP2	-0.99	6	-0.19	0.426	207	0.958	0.574	284	0.955
JAK2	-1.37	12	-0.18	0.429	208	0.958	0.571	283	0.955
KSR1	-0.94	6	-0.17	0.433	209	0.958	0.567	282	0.955
FGR	-0.92	6	-0.16	0.436	210	0.958	0.564	281	0.955
PLK4	-0.90	6	-0.15	0.438	211	0.958	0.562	280	0.955
NEK8	-0.90	6	-0.15	0.439	212	0.958	0.561	279	0.955
DCLK1	-0.84	6	-0.13	0.448	213	0.958	0.552	278	0.955
MAP3K10	-0.82	6	-0.12	0.451	214	0.958	0.549	277	0.955
MAPK6	-0.80	6	-0.12	0.453	215	0.958	0.547	276	0.955
ABL2	-0.80	6	-0.12	0.453	216	0.958	0.547	275	0.955
PRKACA	-0.78	6	-0.11	0.456	217	0.958	0.544	274	0.955
SPEG	-1.10	12	-0.11	0.457	218	0.958	0.543	273	0.955
PRKACG	-0.78	6	-0.11	0.457	219	0.958	0.543	272	0.955
TESK1	-0.78	6	-0.11	0.457	220	0.958	0.543	271	0.955
RYK	-0.75	6	-0.10	0.462	221	0.958	0.538	270	0.955
MAPK12	-0.73	6	-0.09	0.465	222	0.958	0.535	269	0.955
ULK4	-0.71	6	-0.08	0.467	223	0.958	0.533	268	0.955
SMG1	-0.71	6	-0.08	0.468	224	0.958	0.532	267	0.955
LIMK1	-0.70	6	-0.08	0.469	225	0.958	0.531	266	0.955
BMPR1B	-0.69	6	-0.08	0.47	226	0.958	0.53	265	0.955
IRAK3	-0.69	6	-0.07	0.47	227	0.958	0.53	264	0.955
CDK15	-0.68	6	-0.07	0.471	228	0.958	0.529	263	0.955
CDC42BPB	-0.68	6	-0.07	0.472	229	0.958	0.528	262	0.955
ALK	-0.68	6	-0.07	0.472	230	0.958	0.528	261	0.955
MATK	-0.66	6	-0.06	0.475	231	0.958	0.525	260	0.955
MAP3K6	-0.66	6	-0.06	0.475	232	0.958	0.525	259	0.955
AAK1	-0.65	6	-0.06	0.476	233	0.958	0.524	258	0.955
ACVRL1	-0.65	6	-0.06	0.476	234	0.958	0.524	257	0.955
AKT1	-0.65	6	-0.06	0.476	235	0.958	0.524	256	0.955
PDGFRA	-0.60	6	-0.04	0.483	236	0.958	0.517	255	0.955
RPS6KL1	-0.58	6	-0.03	0.487	237	0.958	0.513	254	0.955
MAP3K11	-0.54	6	-0.02	0.493	238	0.958	0.507	253	0.955
AK3	-0.53	6	-0.02	0.494	239	0.958	0.506	252	0.955
STK38	-0.53	6	-0.01	0.495	240	0.958	0.505	251	0.955
CAMKV	-0.51	6	-0.01	0.497	241	0.958	0.503	250	0.955
Rosa26	-0.20	1	0.00	0.502	242	0.958	0.498	249	0.955
CDK11A	-0.42	5	0.01	0.505	243	0.958	0.495	248	0.955
RPS6KA6	-0.63	12	0.02	0.507	244	0.958	0.493	247	0.955
PRKCI	-0.44	6	0.02	0.508	245	0.958	0.492	246	0.955
IKBKE	-0.44	6	0.02	0.508	246	0.958	0.492	245	0.955
FLT3	-0.44	6	0.02	0.508	247	0.958	0.492	244	0.955
PAK3	-0.41	6	0.03	0.511	248	0.958	0.489	243	0.955
CDKL5	-0.40	6	0.03	0.513	249	0.958	0.487	242	0.955
BLK	-0.39	6	0.04	0.514	250	0.958	0.486	241	0.955
NTRK3	-0.38	6	0.04	0.516	251	0.958	0.484	240	0.955
PKMYT1	-0.26	3	0.05	0.519	252	0.958	0.481	239	0.955
MAPK10	-0.36	6	0.05	0.52	253	0.958	0.48	238	0.955
CONTROL	-1.02	50	0.05	0.52	254	0.958	0.48	237	0.955
CLK1	-0.34	6	0.06	0.522	255	0.958	0.478	236	0.955
STK17B	-0.25	6	0.09	0.535	256	0.958	0.465	235	0.955
NTRK1	-0.25	6	0.09	0.535	257	0.958	0.465	234	0.955
PLK1	-0.22	5	0.09	0.536	258	0.958	0.464	233	0.955
RPS6KA3	-0.34	12	0.09	0.537	259	0.958	0.463	232	0.955
ROCK2	-0.22	6	0.10	0.54	260	0.958	0.46	231	0.955
MKNK2	-0.17	6	0.12	0.547	261	0.958	0.453	230	0.955
KALRN	-0.16	5	0.12	0.547	262	0.958	0.453	229	0.955
DAPK1	-0.16	6	0.12	0.548	263	0.958	0.452	228	0.955
NEK1	-0.16	6	0.12	0.549	264	0.958	0.451	227	0.955
VRK2	-0.15	6	0.13	0.551	265	0.958	0.449	226	0.955
EPHB1	-0.14	6	0.13	0.553	266	0.958	0.447	225	0.955
RPA3	-0.09	3	0.13	0.554	267	0.958	0.446	224	0.955
SIK2	-0.10	6	0.15	0.558	268	0.958	0.442	223	0.955
PRKCB	-0.10	6	0.15	0.558	269	0.958	0.442	222	0.955
CDK14	-0.09	6	0.15	0.56	270	0.958	0.44	221	0.955
NPR2	-0.08	6	0.15	0.561	271	0.958	0.439	220	0.955
MAPKAPK3	-0.08	6	0.15	0.561	272	0.958	0.439	219	0.955
TRIO	-0.08	6	0.15	0.561	273	0.958	0.439	218	0.955
TSSK4	-0.04	6	0.17	0.566	274	0.958	0.434	217	0.955
STK10	-0.01	6	0.18	0.571	275	0.958	0.429	216	0.955
LATS2	-0.01	6	0.18	0.571	276	0.958	0.429	215	0.955
SGK3	0.00	6	0.18	0.573	277	0.958	0.427	214	0.955
TAOK1	0.01	5	0.19	0.574	278	0.958	0.426	213	0.955
PRKG1	0.02	6	0.19	0.576	279	0.958	0.424	212	0.955
PHKG1	0.02	6	0.19	0.576	280	0.958	0.424	211	0.955
MAPK1	0.02	6	0.19	0.576	281	0.958	0.424	210	0.955
EEF2K	0.03	6	0.19	0.576	282	0.958	0.424	209	0.955
CASK	0.04	6	0.20	0.578	283	0.958	0.422	208	0.955
CSNK1A1	0.04	5	0.20	0.579	284	0.958	0.421	207	0.955
PDGFRB	0.08	6	0.21	0.584	285	0.958	0.416	206	0.955
CDK16	0.08	6	0.21	0.585	286	0.958	0.415	205	0.955
CSNK2A2	0.08	6	0.21	0.585	287	0.958	0.415	204	0.955
FER	0.09	6	0.22	0.585	288	0.958	0.415	203	0.955
STK32C	0.12	6	0.23	0.59	289	0.958	0.41	202	0.955
PRKCQ	0.13	6	0.23	0.592	290	0.958	0.408	201	0.955
STK31	0.14	6	0.24	0.593	291	0.958	0.407	200	0.955
WNK4	0.15	6	0.24	0.594	292	0.958	0.406	199	0.955
AK1	0.16	6	0.24	0.596	293	0.958	0.404	198	0.955
TTN	0.16	6	0.24	0.596	294	0.958	0.404	197	0.955
DAPK3	0.17	6	0.25	0.597	295	0.958	0.403	196	0.955
MYLK3	0.18	6	0.25	0.598	296	0.958	0.402	195	0.955
KIAA1804	0.20	5	0.26	0.604	297	0.958	0.396	194	0.955
SCYL2	0.23	6	0.27	0.605	298	0.958	0.395	193	0.955
DDR1	0.26	6	0.28	0.61	299	0.958	0.39	192	0.955
TNK1	0.27	6	0.28	0.611	300	0.958	0.389	191	0.955
RET	0.28	6	0.29	0.613	301	0.958	0.387	190	0.955
FGFR3	0.29	6	0.29	0.615	302	0.958	0.385	189	0.955
MAP2K7	0.30	6	0.30	0.616	303	0.958	0.384	188	0.955
STK32B	0.33	6	0.31	0.62	304	0.958	0.38	187	0.955
NEK11	0.34	6	0.31	0.622	305	0.958	0.378	186	0.955
AXL	0.37	6	0.32	0.626	306	0.958	0.374	185	0.955
CDKL4	0.38	6	0.32	0.627	307	0.958	0.373	184	0.955
NRK	0.39	6	0.33	0.629	308	0.958	0.371	183	0.955
NEK7	0.41	6	0.34	0.631	309	0.958	0.369	182	0.955
TRIB2	0.38	5	0.34	0.633	310	0.958	0.367	181	0.955
AURKA	0.25	2	0.34	0.635	311	0.958	0.365	180	0.955
STK32A	0.44	6	0.35	0.635	312	0.958	0.365	179	0.955
MAP3K14	0.44	6	0.35	0.636	313	0.958	0.364	178	0.955
STK17A	0.44	6	0.35	0.636	314	0.958	0.364	177	0.955
EPHB6	0.45	6	0.35	0.638	315	0.958	0.362	176	0.955
DYRK2	0.46	6	0.35	0.638	316	0.958	0.362	175	0.955
LMTK3	0.47	6	0.36	0.64	317	0.958	0.36	174	0.955
PINK1	0.48	6	0.36	0.641	318	0.958	0.359	173	0.955
CSNK1G3	0.49	6	0.37	0.643	319	0.958	0.357	172	0.955
STK25	0.50	6	0.37	0.644	320	0.958	0.356	171	0.955
STYK1	0.50	6	0.37	0.644	321	0.958	0.356	170	0.955
CSNK1G2	0.51	6	0.37	0.646	322	0.958	0.354	169	0.955
TSSK6	0.54	6	0.38	0.649	323	0.958	0.351	168	0.955
NPR1	0.54	6	0.38	0.65	324	0.958	0.35	167	0.955
FGFR2	0.55	6	0.39	0.651	325	0.958	0.349	166	0.955
CAMK2D	0.55	6	0.39	0.652	326	0.958	0.348	165	0.955
DCLK2	0.57	6	0.40	0.654	327	0.958	0.346	164	0.955
MST1R	0.58	6	0.40	0.655	328	0.958	0.345	163	0.955
SRMS	0.59	6	0.40	0.657	329	0.958	0.343	162	0.955
RPS6KA4	0.85	12	0.41	0.659	330	0.958	0.341	161	0.955
CDK11B	0.55	5	0.41	0.659	331	0.958	0.341	160	0.955
MAPK14	0.61	6	0.41	0.659	332	0.958	0.341	159	0.955
ULK1	0.61	6	0.41	0.659	333	0.958	0.341	158	0.955
IRAK2	0.61	6	0.41	0.659	334	0.958	0.341	157	0.955
CDC42BPG	0.63	6	0.42	0.662	335	0.958	0.338	156	0.955
TEX14	0.65	6	0.43	0.665	336	0.958	0.335	155	0.955
EPHA8	0.66	6	0.43	0.667	337	0.958	0.333	154	0.955
SBK2	0.67	6	0.43	0.668	338	0.958	0.332	153	0.955
STK19	0.67	6	0.43	0.668	339	0.958	0.332	152	0.955
PRKCE	0.67	6	0.43	0.668	340	0.958	0.332	151	0.955
STK26	0.67	6	0.43	0.668	341	0.958	0.332	150	0.955
RPS6KA5	0.96	12	0.44	0.669	342	0.958	0.331	149	0.955
TRIB1	0.71	6	0.45	0.673	343	0.959	0.327	148	0.955
ADRBK1	0.73	6	0.46	0.676	344	0.959	0.324	147	0.955
AURKC	0.74	6	0.46	0.677	345	0.959	0.323	146	0.955
ADCK4	0.74	6	0.46	0.677	346	0.959	0.323	145	0.955
CSNK1D	0.76	6	0.47	0.68	347	0.959	0.32	144	0.955
CAMK1G	0.77	6	0.47	0.681	348	0.959	0.319	143	0.955
NUAK2	0.80	6	0.48	0.685	349	0.962	0.315	142	0.955
CDK1	0.59	3	0.49	0.69	350	0.965	0.31	141	0.955
MINK1	0.86	6	0.50	0.693	351	0.967	0.307	140	0.955
EIF2AK3	0.89	6	0.51	0.696	352	0.967	0.304	139	0.955
ACVR2A	0.91	6	0.52	0.7	353	0.967	0.3	138	0.955
YES1	0.97	6	0.54	0.707	354	0.967	0.293	137	0.955
BRAF	0.98	6	0.55	0.708	355	0.967	0.292	136	0.955
ADCK2	0.99	6	0.55	0.71	356	0.967	0.29	135	0.955
TXK	0.99	6	0.55	0.71	357	0.967	0.29	134	0.955
EPHA2	1.00	6	0.56	0.711	358	0.967	0.289	133	0.955
MAP2K3	1.02	6	0.56	0.713	359	0.967	0.287	132	0.955
ADCK3	1.04	6	0.57	0.716	360	0.967	0.284	131	0.955
SBK3	1.09	6	0.59	0.723	361	0.967	0.277	130	0.955
FASTK	1.11	6	0.60	0.725	362	0.967	0.275	129	0.955
CDK4	1.12	6	0.60	0.726	363	0.967	0.274	128	0.955
IRAK4	1.15	6	0.61	0.729	364	0.967	0.271	127	0.955
MAP2K5	1.15	6	0.61	0.73	365	0.967	0.27	126	0.955
CDC7	1.06	5	0.62	0.731	366	0.967	0.269	125	0.955
SRPK3	1.16	6	0.62	0.731	367	0.967	0.269	124	0.955
CDK9	1.26	7	0.62	0.732	368	0.967	0.268	123	0.955
GCK	1.20	6	0.63	0.736	369	0.967	0.264	122	0.955
TYK2	1.70	12	0.63	0.736	370	0.967	0.264	121	0.955
MAST1	1.23	6	0.64	0.739	371	0.967	0.261	120	0.955
CAMKK2	1.24	6	0.65	0.741	372	0.967	0.259	119	0.955
FES	1.25	6	0.65	0.742	373	0.967	0.258	118	0.955
ADRBK2	1.25	6	0.65	0.742	374	0.967	0.258	117	0.955
PDK2	1.15	5	0.65	0.743	375	0.967	0.257	116	0.955
MUSK	1.26	6	0.65	0.743	376	0.967	0.257	115	0.955
LTK	1.31	6	0.67	0.749	377	0.967	0.251	114	0.955
SRC	1.32	6	0.67	0.75	378	0.967	0.25	113	0.955
PRKY	1.24	5	0.69	0.755	379	0.967	0.245	112	0.955
NTRK2	1.39	6	0.70	0.759	380	0.967	0.241	111	0.955
MAPK13	1.41	6	0.71	0.761	381	0.967	0.239	110	0.955
GRK4	1.42	6	0.71	0.762	382	0.967	0.238	109	0.955
MAP4K3	1.42	6	0.71	0.762	383	0.967	0.238	108	0.955
MAP3K12	1.43	6	0.72	0.764	384	0.967	0.236	107	0.955
MARK3	1.44	6	0.72	0.764	385	0.967	0.236	106	0.955
MAP3K13	1.48	6	0.73	0.769	386	0.967	0.231	105	0.955
SNRK	1.51	6	0.75	0.772	387	0.967	0.228	104	0.955
STK38L	1.53	6	0.76	0.775	388	0.967	0.225	103	0.955
MARK2	1.56	6	0.76	0.778	389	0.967	0.222	102	0.955
SCYL3	1.60	6	0.78	0.782	390	0.967	0.218	101	0.955
CLK2	1.61	6	0.78	0.783	391	0.967	0.217	100	0.955
TNNI3K	1.62	6	0.79	0.784	392	0.967	0.216	99	0.955
CIT	1.65	6	0.80	0.788	393	0.967	0.212	98	0.955
PSKH2	1.67	6	0.81	0.79	394	0.967	0.21	97	0.955
CDK3	1.68	6	0.81	0.791	395	0.967	0.209	96	0.955
GSK3B	1.68	6	0.81	0.791	396	0.967	0.209	95	0.955
EIF2AK1	1.69	6	0.82	0.793	397	0.967	0.207	94	0.955
CDK18	1.71	6	0.82	0.794	398	0.967	0.206	93	0.955
ADCK1	1.73	6	0.83	0.796	399	0.967	0.204	92	0.955
PIM1	1.73	6	0.83	0.797	400	0.967	0.203	91	0.955
AATK	1.74	6	0.83	0.797	401	0.967	0.203	90	0.955
EPHB2	1.74	6	0.83	0.798	402	0.967	0.202	89	0.955
CDK5	1.75	6	0.83	0.798	403	0.967	0.202	88	0.955
SIK3	1.75	6	0.84	0.799	404	0.967	0.201	87	0.955
RPS6KA1	2.49	12	0.84	0.8	405	0.967	0.2	86	0.955
GUCY2F	1.78	6	0.85	0.802	406	0.967	0.198	85	0.955
TAOK2	1.83	6	0.87	0.807	407	0.967	0.193	84	0.955
CHEK2	1.85	6	0.87	0.809	408	0.967	0.191	83	0.955
CDKL1	1.85	6	0.87	0.809	409	0.967	0.191	82	0.955
GAK	1.92	6	0.90	0.816	410	0.967	0.184	81	0.955
ILK	1.94	6	0.91	0.818	411	0.967	0.182	80	0.955
PRKCH	1.97	6	0.92	0.821	412	0.967	0.179	79	0.955
NLK	1.98	6	0.92	0.821	413	0.967	0.179	78	0.955
PRKDC	1.98	6	0.92	0.822	414	0.967	0.178	77	0.955
ROR2	1.98	6	0.92	0.822	415	0.967	0.178	76	0.955
AURKB	1.14	2	0.92	0.822	416	0.967	0.178	75	0.955
BUB1B	2.00	6	0.93	0.824	417	0.967	0.176	74	0.955
MAP3K7	1.83	5	0.93	0.825	418	0.967	0.175	73	0.955
STK40	2.05	6	0.95	0.828	419	0.968	0.172	72	0.955
PAK2	2.10	6	0.97	0.834	420	0.97	0.166	71	0.955
STK24	2.11	6	0.97	0.834	421	0.97	0.166	70	0.955
OXSR1	2.12	6	0.98	0.835	422	0.97	0.165	69	0.955
STK36	2.18	6	1.00	0.841	423	0.974	0.159	68	0.955
MAPK7	2.26	6	1.03	0.848	424	0.977	0.152	67	0.955
RIPK3	2.35	6	1.06	0.855	425	0.977	0.145	66	0.955
MYLK4	2.36	6	1.06	0.856	426	0.977	0.144	65	0.955
WEE1	1.93	4	1.06	0.856	427	0.977	0.144	64	0.955
PAK1	2.38	6	1.07	0.858	428	0.977	0.142	63	0.955
RPL9	1.72	3	1.09	0.863	429	0.977	0.137	62	0.955
PNCK	2.48	6	1.11	0.866	430	0.977	0.134	61	0.955
IKBKB	2.49	6	1.11	0.867	431	0.977	0.133	60	0.955
LATS1	2.50	6	1.12	0.868	432	0.977	0.132	59	0.955
NEK4	2.50	6	1.12	0.868	433	0.977	0.132	58	0.955
MAP3K1	2.57	6	1.14	0.873	434	0.977	0.127	57	0.955
PDK4	2.58	6	1.15	0.874	435	0.977	0.126	56	0.955
SBK1	2.61	6	1.16	0.877	436	0.977	0.123	55	0.955
HUNK	2.63	6	1.16	0.878	437	0.977	0.122	54	0.955
CSF1R	2.66	6	1.18	0.88	438	0.977	0.12	53	0.955
CSNK1E	2.68	6	1.18	0.882	439	0.977	0.118	52	0.955
MAP2K2	2.70	6	1.19	0.883	440	0.977	0.117	51	0.955
MAST4	2.75	6	1.21	0.886	441	0.977	0.114	50	0.955
PKN3	2.75	6	1.21	0.887	442	0.977	0.113	49	0.955
RPL23A	1.59	2	1.21	0.887	443	0.977	0.113	48	0.955
MAPK11	2.78	6	1.22	0.889	444	0.977	0.111	47	0.955
TGFBR2	2.78	6	1.22	0.889	445	0.977	0.111	46	0.955
RIPK4	2.78	6	1.22	0.889	446	0.977	0.111	45	0.955
STK39	2.84	6	1.24	0.893	447	0.979	0.107	44	0.955
CAMKK1	2.89	6	1.26	0.897	448	0.98	0.103	43	0.955
MARK4	2.92	6	1.27	0.899	449	0.98	0.101	42	0.955
TEC	2.94	6	1.28	0.9	450	0.98	0.1	41	0.955
EPHA3	3.00	6	1.30	0.903	451	0.98	0.0966	40	0.955
TRIB3	3.01	6	1.31	0.904	452	0.98	0.0957	39	0.955
ULK2	3.07	6	1.33	0.908	453	0.98	0.0917	38	0.955
PDIK1L	3.20	6	1.38	0.916	454	0.98	0.0841	37	0.955
SYK	3.25	6	1.40	0.919	455	0.98	0.0813	36	0.955
MASTL	4.02	9	1.41	0.92	456	0.98	0.0797	35	0.955
MAPK9	3.28	6	1.41	0.92	457	0.98	0.0797	34	0.955
PLK2	3.32	6	1.42	0.923	458	0.98	0.0775	33	0.955
TTK	2.74	4	1.43	0.924	459	0.98	0.0758	32	0.955
DAPK2	3.36	6	1.44	0.925	460	0.98	0.0752	31	0.955
CAMK2G	3.45	6	1.47	0.929	461	0.98	0.0708	30	0.955
INSR	3.47	6	1.48	0.93	462	0.98	0.0695	29	0.955
CSK	3.52	6	1.50	0.933	463	0.98	0.0673	28	0.955
NEK9	3.53	6	1.50	0.933	464	0.98	0.0666	27	0.955
RIPK2	3.54	6	1.50	0.934	465	0.98	0.0662	26	0.955
MELK	3.64	6	1.54	0.938	466	0.98	0.0617	25	0.955
IRAK1	3.69	6	1.56	0.94	467	0.98	0.0595	24	0.955
WEE2	3.69	6	1.56	0.941	468	0.98	0.0593	23	0.955
EPHA1	3.73	6	1.58	0.942	469	0.98	0.0576	22	0.955
DCLK3	3.75	6	1.58	0.943	470	0.98	0.0565	21	0.955
CSNK1G1	3.80	6	1.60	0.945	471	0.98	0.0547	20	0.955
CLK3	3.80	6	1.60	0.945	472	0.98	0.0545	19	0.955
DSTYK	3.80	6	1.60	0.946	473	0.98	0.0545	18	0.955
DYRK4	4.12	6	1.72	0.957	474	0.988	0.0427	17	0.955
RIPK1	4.15	6	1.73	0.958	475	0.988	0.0418	16	0.955
TEK	4.47	6	1.85	0.968	476	0.996	0.0321	15	0.955
CDK12	4.22	5	1.91	0.972	477	0.997	0.028	14	0.955
CDK13	4.64	6	1.91	0.972	478	0.997	0.0278	13	0.955
MAK	4.86	6	2.00	0.977	479	0.998	0.023	12	0.938
ATM	4.96	6	2.03	0.979	480	0.998	0.0209	11	0.933
PRKX	5.07	6	2.07	0.981	481	0.998	0.019	10	0.933
CHEK1	3.04	2	2.15	0.984	482	0.998	0.0158	9	0.862
EPHB4	5.35	6	2.18	0.985	483	0.998	0.0146	8	0.862
ATR	3.88	3	2.23	0.987	484	0.998	0.0127	7	0.862
EGFR	5.52	6	2.24	0.988	485	0.998	0.0125	6	0.862
PIM3	6.77	6	2.71	0.997	486	1	0.00338	5	0.331
KSR2	7.15	6	2.85	0.998	487	1	0.00218	4	0.266
NRBP1	8.14	6	3.22	0.999	488	1	0.000633	3	0.103
NEK2	9.02	6	3.55	1	489	1	0.000193	2	0.0472
STK11	10.31	6	4.03	1	490	1	2.77e-05	1	0.0136
