id	num	neg|score	neg|p-value	neg|fdr	neg|rank	neg|goodsgrna	neg|lfc	pos|score	pos|p-value	pos|fdr	pos|rank	pos|goodsgrna	pos|lfc
AKT2	6	6.7899e-05	0.00038141	0.186893	1	6	-1.6895	0.99993	0.99995	0.999946	490	0	-1.6895
ERBB2	6	0.00024601	0.0013721	0.233819	2	6	-1.6759	0.9994	0.99941	0.999946	489	0	-1.6759
PCNA	3	0.00050361	0.0014315	0.233819	3	1	0.13496	0.27645	0.30168	0.979849	198	1	0.13496
POLR2A	5	0.00059822	0.0026006	0.318568	4	4	-1.5659	0.97797	0.97762	0.995876	480	0	-1.5659
AMHR2	6	0.0008439	0.0045324	0.414509	5	5	-1.4939	0.1104	0.22192	0.972305	107	1	-1.4939
UHMK1	6	0.0014561	0.00692	0.414509	6	3	-0.98801	0.80358	0.80349	0.994	393	0	-0.98801
FLT4	6	0.0015569	0.0073856	0.414509	7	3	-0.74687	0.056065	0.12994	0.918356	60	2	-0.74687
DYRK1B	6	0.0015644	0.0074054	0.414509	8	4	-1.5442	0.37381	0.4958	0.984077	243	1	-1.5442
PLK4	6	0.0016315	0.0076134	0.414509	9	4	-0.96728	0.00026133	0.0012631	0.123786	4	2	-0.96728
VRK1	6	0.0022871	0.010268	0.491395	10	4	-1.5223	0.8442	0.84499	0.994	413	0	-1.5223
ACVR1	6	0.0024933	0.011031	0.491395	11	4	-1.599	0.83137	0.83192	0.994	406	0	-1.599
BCR	6	0.0033614	0.01433	0.525139	12	3	-0.43948	0.21458	0.33491	0.979849	163	2	-0.43948
RIOK2	5	0.0038144	0.015004	0.525139	13	3	-1.7918	0.42445	0.48278	0.98158	256	1	-1.7918
ERBB3	6	0.0058344	0.024098	0.787217	14	5	-1.1828	0.97969	0.97962	0.995876	481	0	-1.1828
TYK2	12	0.0060276	0.031865	0.802554	15	3	0.50456	0.064498	0.18534	0.946159	70	5	0.50456
PTK2	6	0.007031	0.028804	0.802554	16	2	0.16079	0.1621	0.27826	0.979849	134	2	0.16079
NEK5	6	0.008264	0.032906	0.802554	17	5	-0.97164	0.9294	0.92955	0.995876	455	0	-0.97164
PRKD1	6	0.0085383	0.033867	0.802554	18	4	-1.3499	0.8015	0.80114	0.994	390	0	-1.3499
SMG1	6	0.0090323	0.03565	0.802554	19	1	0.27395	0.017004	0.053621	0.918356	23	1	0.27395
FGFR1	6	0.0093667	0.036997	0.802554	20	4	-1.2072	0.80045	0.80014	0.994	388	0	-1.2072
IGF1R	6	0.010436	0.040603	0.828985	21	5	-0.81064	0.3806	0.49906	0.984077	245	1	-0.81064
CSNK2A1	5	0.010835	0.035422	0.802554	22	4	-1.1638	0.078821	0.15918	0.918356	90	1	-1.1638
MTOR	4	0.012187	0.037671	0.802554	23	3	-1.1227	0.64389	0.64371	0.984077	323	0	-1.1227
POLR2D	1	0.012928	0.012864	0.525139	24	1	-3.7181	0.98707	0.98712	0.999353	484	0	-3.7181
TBK1	6	0.013025	0.048836	0.856073	25	2	-0.26429	0.27205	0.39781	0.979849	195	1	-0.26429
PRKCZ	6	0.013688	0.050718	0.856073	26	4	-1.0881	0.9378	0.93821	0.995876	459	0	-1.0881
MKNK1	6	0.013969	0.051313	0.856073	27	3	-0.78318	0.84885	0.84952	0.994	416	0	-0.78318
ZAK	6	0.014138	0.051808	0.856073	28	4	-1.0838	0.91269	0.91341	0.995876	445	0	-1.0838
MAP3K9	6	0.014381	0.052432	0.856073	29	3	-0.78059	0.4753	0.54882	0.984077	268	1	-0.78059
TNIK	6	0.015016	0.054146	0.856073	30	2	0.017075	0.70736	0.71011	0.984077	350	1	0.017075
PRKAA2	6	0.016201	0.057237	0.856073	31	3	-0.74307	0.86966	0.87086	0.994	428	0	-0.74307
BMPR1A	6	0.017004	0.059347	0.856073	32	1	0.11057	0.71452	0.71605	0.984077	352	1	0.11057
ANKK1	6	0.017782	0.061279	0.856073	33	3	-0.85914	0.2837	0.4105	0.979849	206	2	-0.85914
TAOK3	6	0.018988	0.063993	0.856073	34	3	-0.53471	0.59313	0.62102	0.984077	307	1	-0.53471
MAP4K5	6	0.019667	0.065767	0.856073	35	3	0.01467	0.66605	0.67467	0.984077	334	1	0.01467
PRKDC	6	0.022027	0.071899	0.856073	36	2	0.3969	0.007031	0.024792	0.886208	12	2	0.3969
CDC42BPA	6	0.022374	0.072642	0.856073	37	3	-0.71957	0.8578	0.85853	0.994	422	0	-0.71957
SGK494	6	0.022947	0.074128	0.856073	38	2	-0.20465	0.40584	0.51129	0.984077	251	1	-0.20465
PAK6	6	0.023301	0.075089	0.856073	39	4	-0.87405	0.83274	0.83333	0.994	408	0	-0.87405
MAP3K5	6	0.023625	0.075802	0.856073	40	3	-0.89838	0.72015	0.72114	0.984077	354	1	-0.89838
MAP3K7	5	0.024109	0.073068	0.856073	41	1	0.68141	0.012529	0.035283	0.918356	19	2	0.68141
ICK	6	0.024377	0.077606	0.856073	42	3	-0.80126	0.6772	0.68353	0.984077	339	1	-0.80126
ILK	6	0.024922	0.079121	0.856073	43	1	0.81009	0.018988	0.05798	0.918356	25	2	0.81009
RPA3	3	0.025964	0.064915	0.856073	44	2	-0.76586	0.023487	0.046835	0.918356	29	1	-0.76586
PIK3R4	5	0.027398	0.082113	0.856073	45	2	-0.49708	0.017505	0.046131	0.918356	24	1	-0.49708
TRRAP	3	0.028437	0.070552	0.856073	46	1	0.28503	0.52566	0.52375	0.984077	282	0	0.28503
EPHA5	6	0.029573	0.09098	0.917358	47	4	-0.84899	0.42769	0.52263	0.984077	258	1	-0.84899
PTK6	6	0.030825	0.094457	0.917358	48	4	-0.80578	0.42516	0.5214	0.984077	257	1	-0.80578
CDK7	5	0.031145	0.091743	0.917358	49	2	-0.18031	0.030678	0.074584	0.918356	33	1	-0.18031
DYRK3	6	0.032052	0.097647	0.917358	50	4	-0.77859	0.96794	0.96768	0.995876	474	0	-0.77859
CDK17	6	0.033179	0.10023	0.917358	51	4	-0.82111	0.69559	0.6996	0.984077	345	1	-0.82111
LMTK2	6	0.033848	0.1017	0.917358	52	2	0.075961	0.89123	0.89202	0.995876	437	0	0.075961
MOS	6	0.034265	0.10269	0.917358	53	3	-0.7265	0.022947	0.065826	0.918356	27	2	-0.7265
CSNK1D	6	0.034745	0.10399	0.917358	54	1	0.44696	0.17592	0.29297	0.979849	142	2	0.44696
STK16	6	0.036699	0.10875	0.917358	55	3	-0.29937	0.19457	0.31323	0.979849	148	2	-0.29937
PKN2	6	0.03786	0.11133	0.917358	56	4	-0.90739	0.96216	0.96191	0.995876	471	0	-0.90739
TSSK1B	6	0.038651	0.11303	0.917358	57	3	-0.49805	0.87076	0.87197	0.994	429	0	-0.49805
CAMK1D	6	0.038851	0.11355	0.917358	58	4	-0.94871	0.94798	0.94828	0.995876	463	0	-0.94871
MAPK15	6	0.039434	0.11491	0.917358	59	3	-0.10202	0.36558	0.49216	0.984077	241	1	-0.10202
HIPK1	6	0.039947	0.11607	0.917358	60	4	-0.73384	0.80922	0.80942	0.994	397	0	-0.73384
JAK3	12	0.041499	0.1534	0.970866	61	5	-0.16574	0.39338	0.60164	0.984077	246	2	-0.16574
CDK10	6	0.044485	0.12671	0.942865	62	2	0.082737	0.93137	0.93168	0.995876	456	0	0.082737
CDK2	2	0.045475	0.081558	0.856073	63	1	-0.29668	0.065707	0.094477	0.918356	73	1	-0.29668
GRK5	6	0.046312	0.13112	0.942865	64	3	-0.37145	0.67086	0.67849	0.984077	337	1	-0.37145
INSRR	6	0.046423	0.13136	0.942865	65	3	-0.50203	0.24217	0.36398	0.979849	175	2	-0.50203
PRPF4B	4	0.046627	0.11076	0.917358	66	2	-0.45859	0.7204	0.71995	0.984077	355	0	-0.45859
BUB1B	6	0.048358	0.13611	0.942865	67	1	1.0984	0.0074757	0.02609	0.886208	13	3	1.0984
ADCK5	6	0.049246	0.13814	0.942865	68	4	-0.79224	0.59693	0.62377	0.984077	309	1	-0.79224
TYRO3	6	0.049824	0.1396	0.942865	69	3	-0.53773	0.067527	0.15013	0.918356	76	1	-0.53773
CDK18	6	0.051254	0.14309	0.942865	70	1	0.86122	0.056655	0.13093	0.918356	61	3	0.86122
STK3	6	0.05161	0.14395	0.942865	71	4	-0.704	0.45132	0.53488	0.984077	261	1	-0.704
WNK2	6	0.051638	0.14401	0.942865	72	3	-0.64637	0.32161	0.45183	0.979849	225	1	-0.64637
MAP2K4	6	0.052134	0.1451	0.942865	73	3	-0.12771	0.22766	0.34904	0.979849	169	2	-0.12771
STK19	6	0.052631	0.14624	0.942865	74	2	0.55219	0.31282	0.44266	0.979849	219	1	0.55219
JAK2	12	0.056367	0.19052	0.970866	75	6	-0.42162	0.28024	0.49226	0.984077	203	2	-0.42162
PDK1	4	0.057161	0.13193	0.942865	76	2	-0.84321	0.73409	0.73354	0.984077	366	0	-0.84321
MAPKAPK5	6	0.057708	0.15665	0.970866	77	2	-0.025365	0.89833	0.89925	0.995876	440	0	-0.025365
BUB1	6	0.057983	0.15716	0.970866	78	2	-0.27576	0.01103	0.036264	0.918356	16	2	-0.27576
WNK1	5	0.0582	0.14287	0.942865	79	2	-0.36937	0.83754	0.83787	0.994	411	0	-0.36937
RIOK1	5	0.058291	0.14304	0.942865	80	3	-0.70281	0.35435	0.44054	0.979849	238	1	-0.70281
KIT	6	0.060823	0.16317	0.970866	81	4	-0.6122	0.89591	0.89645	0.995876	438	0	-0.6122
TESK2	6	0.063502	0.16879	0.970866	82	3	-0.18173	0.70079	0.70438	0.984077	347	1	-0.18173
MAPK8	6	0.063719	0.16926	0.970866	83	4	-0.66197	0.5261	0.57808	0.984077	283	1	-0.66197
MAP3K3	6	0.064039	0.17001	0.970866	84	2	-0.0855	0.12006	0.23216	0.972305	115	2	-0.0855
ADCK2	6	0.066205	0.17461	0.970866	85	2	0.24054	0.052218	0.1229	0.918356	55	2	0.24054
MAPK10	6	0.067527	0.17754	0.970866	86	2	0.599	0.21003	0.3301	0.979849	160	2	0.599
MAPKAPK2	6	0.070379	0.18386	0.970866	87	3	-0.54918	0.57962	0.61162	0.984077	303	1	-0.54918
ERN1	6	0.071322	0.18608	0.970866	88	4	-0.78591	0.34603	0.47835	0.980715	237	1	-0.78591
EPHA7	6	0.07531	0.19443	0.970866	89	3	-0.23946	0.78693	0.78637	0.994	383	0	-0.23946
DAPK1	6	0.076991	0.19704	0.970866	90	1	0.14948	0.12411	0.23629	0.978645	116	2	0.14948
MAP2K6	6	0.077842	0.19846	0.970866	91	3	-0.35252	0.33796	0.46993	0.979849	233	2	-0.35252
NEK10	6	0.078874	0.20007	0.970866	92	1	0.049956	0.53574	0.58413	0.984077	287	1	0.049956
ACVR1C	6	0.079176	0.20046	0.970866	93	3	-0.56913	0.56674	0.60333	0.984077	297	1	-0.56913
BRSK1	6	0.079308	0.20066	0.970866	94	3	-0.60348	0.063719	0.14326	0.918356	69	1	-0.60348
MAP2K3	6	0.080047	0.20161	0.970866	95	3	-0.19935	0.11407	0.22617	0.972305	110	2	-0.19935
HCK	6	0.080344	0.20203	0.970866	96	2	-0.11043	0.19292	0.3117	0.979849	146	1	-0.11043
MARK2	6	0.08263	0.20497	0.970866	97	1	0.49761	0.12958	0.24204	0.979849	118	2	0.49761
SLK	6	0.08266	0.205	0.970866	98	3	-0.41901	0.62357	0.64239	0.984077	314	1	-0.41901
PHKG2	6	0.083037	0.20537	0.970866	99	3	-0.76806	0.86892	0.87014	0.994	427	0	-0.76806
PRKD3	6	0.084935	0.20831	0.970866	100	3	-0.62943	0.69409	0.6983	0.984077	344	1	-0.62943
SCYL2	6	0.089189	0.21468	0.970866	101	3	-0.016814	0.094757	0.19902	0.946159	99	3	-0.016814
MAP4K4	6	0.090105	0.2162	0.970866	102	1	-0.23943	0.70299	0.70628	0.984077	348	1	-0.23943
AK2	6	0.091966	0.21897	0.970866	103	2	-0.20323	0.28288	0.40965	0.979849	205	2	-0.20323
WNK3	6	0.092358	0.21956	0.970866	104	3	-0.49951	0.23736	0.35916	0.979849	173	1	-0.49951
RNASEL	6	0.095678	0.22454	0.970866	105	2	-0.22162	0.75512	0.75476	0.991128	373	0	-0.22162
PAK4	6	0.0967	0.22619	0.970866	106	3	-0.63431	0.076991	0.16757	0.918356	87	1	-0.63431
CDK11B	5	0.097534	0.21152	0.970866	107	2	0.51316	0.39471	0.46407	0.979849	247	1	0.51316
ABL2	6	0.098839	0.22918	0.970866	108	3	-0.59834	0.52393	0.57677	0.984077	281	1	-0.59834
ULK3	6	0.10366	0.236	0.970866	109	2	0.42851	0.31817	0.4485	0.979849	222	2	0.42851
GRK6	6	0.10385	0.23622	0.970866	110	3	-0.6526	0.29041	0.41778	0.979849	209	1	-0.6526
SRMS	6	0.1043	0.23679	0.970866	111	2	0.60283	0.046728	0.11234	0.918356	49	3	0.60283
BTK	6	0.1049	0.23748	0.970866	112	2	0.13522	0.30418	0.43296	0.979849	215	2	0.13522
MAP3K8	6	0.10674	0.24032	0.970866	113	2	-0.19766	0.84927	0.84994	0.994	417	0	-0.19766
SGK3	6	0.10812	0.24229	0.970866	114	3	-0.20924	0.61273	0.63476	0.984077	311	1	-0.20924
LCK	6	0.11143	0.24746	0.970866	115	3	-0.61543	0.9384	0.93877	0.995876	460	0	-0.61543
RPS6KB1	6	0.1116	0.24772	0.970866	116	3	-0.5682	0.73044	0.73084	0.984077	362	1	-0.5682
TSSK6	6	0.11209	0.24839	0.970866	117	3	0.11179	0.065625	0.14679	0.918356	72	2	0.11179
TRPM6	6	0.11405	0.25122	0.970866	118	1	-0.11615	0.93957	0.9398	0.995876	461	0	-0.11615
PAK7	6	0.11768	0.25638	0.970866	119	2	-0.067998	0.70664	0.70932	0.984077	349	1	-0.067998
HIPK2	6	0.11782	0.25654	0.970866	120	3	-0.56046	0.56271	0.60094	0.984077	295	1	-0.56046
RIOK3	6	0.1195	0.25874	0.970866	121	2	0.094233	0.48116	0.55193	0.984077	270	1	0.094233
SRPK3	6	0.12006	0.2595	0.970866	122	2	0.36455	0.030825	0.082113	0.918356	34	2	0.36455
PDK3	6	0.12131	0.26124	0.970866	123	1	0.073479	0.7338	0.73386	0.984077	365	1	0.073479
ROCK1	6	0.12208	0.2623	0.970866	124	2	-0.10182	0.86403	0.86472	0.994	425	0	-0.10182
EPHA6	6	0.12236	0.26272	0.970866	125	3	-0.67014	0.96397	0.96375	0.995876	473	0	-0.67014
CSNK1A1	5	0.12317	0.25285	0.970866	126	3	-0.65524	0.13461	0.22675	0.972305	121	2	-0.65524
BMP2K	6	0.12512	0.26637	0.970866	127	3	-0.41707	0.62446	0.64294	0.984077	315	1	-0.41707
BMPR1B	6	0.12605	0.2676	0.970866	128	3	-0.29193	0.013025	0.042089	0.918356	20	1	-0.29193
RAF1	6	0.12932	0.27224	0.970866	129	3	-0.69576	0.90332	0.9045	0.995876	442	0	-0.69576
PRKAA1	6	0.13026	0.27367	0.970866	130	3	-0.27199	0.74107	0.74087	0.984328	369	1	-0.27199
HIPK4	6	0.1339	0.27923	0.970866	131	3	-0.49647	0.99274	0.99255	0.999946	485	0	-0.49647
CDC7	5	0.13405	0.27073	0.970866	132	1	0.98432	0.045587	0.10589	0.918356	47	3	0.98432
PRKCD	6	0.13651	0.28293	0.970866	133	2	-0.078491	0.8793	0.8799	0.995734	433	0	-0.078491
KDR	6	0.13743	0.28411	0.970866	134	3	-0.64815	0.63328	0.6495	0.984077	317	1	-0.64815
PRKCQ	6	0.13924	0.28682	0.970866	135	1	0.61819	0.057708	0.13262	0.918356	63	2	0.61819
PBK	6	0.14102	0.28945	0.970866	136	2	-0.061754	0.88964	0.89046	0.995876	435	0	-0.061754
ADRBK1	6	0.14279	0.29193	0.970866	137	1	0.5335	0.15212	0.26701	0.979849	130	2	0.5335
AK1	6	0.14283	0.29196	0.970866	138	2	-0.12358	0.12547	0.23767	0.978645	117	2	-0.12358
CDKL3	6	0.1433	0.2928	0.970866	139	3	-0.60338	0.19963	0.31866	0.979849	150	1	-0.60338
GSG2	6	0.14456	0.29499	0.970866	140	2	-0.23715	0.15687	0.27254	0.979849	132	1	-0.23715
PRKCG	6	0.14633	0.29742	0.970866	141	2	-0.41418	0.17763	0.295	0.979849	143	2	-0.41418
PRKG2	6	0.15162	0.30495	0.970866	142	2	-0.20256	0.10674	0.21801	0.972305	105	1	-0.20256
PRKCA	6	0.15331	0.30762	0.970866	143	3	-0.64776	0.68574	0.69091	0.984077	340	1	-0.64776
CDK15	6	0.15337	0.3077	0.970866	144	2	0.31838	0.32558	0.45622	0.979849	227	2	0.31838
NIM1K	6	0.15687	0.31284	0.970866	145	1	-0.12559	0.66926	0.67721	0.984077	335	1	-0.12559
AAK1	6	0.16036	0.31777	0.970866	146	2	0.19776	0.29343	0.42085	0.979849	210	2	0.19776
EPHA2	6	0.1621	0.32019	0.970866	147	1	0.17265	0.012232	0.039632	0.918356	18	2	0.17265
SCYL1	6	0.16384	0.32254	0.970866	148	2	-0.07563	0.061811	0.13988	0.918356	68	1	-0.07563
MYO3A	6	0.1645	0.32365	0.970866	149	2	-0.45506	0.61818	0.63851	0.984077	312	1	-0.45506
ADCK3	6	0.16557	0.32521	0.970866	150	1	0.25749	0.054143	0.12635	0.918356	58	2	0.25749
FGR	6	0.1673	0.32755	0.970866	151	2	-0.27266	0.18954	0.30833	0.979849	145	2	-0.27266
NEK6	6	0.16893	0.32978	0.970866	152	3	-0.27211	0.82907	0.82947	0.994	405	0	-0.27211
RPS6KA3	12	0.16927	0.40621	0.970866	153	4	-0.022578	0.54177	0.71018	0.984077	291	2	-0.022578
GUCY2D	6	0.17041	0.33171	0.970866	154	3	-0.23238	0.29494	0.42258	0.979849	211	1	-0.23238
PLK1	5	0.17226	0.33061	0.970866	155	1	0.019798	0.42229	0.48127	0.98158	255	1	0.019798
DCLK1	6	0.17413	0.33654	0.970866	156	2	-0.040104	0.2533	0.37638	0.979849	184	2	-0.040104
EPHA8	6	0.17586	0.33892	0.970866	157	3	-0.15732	0.024867	0.069749	0.918356	30	2	-0.15732
STK40	6	0.17592	0.33907	0.970866	158	1	0.39396	0.0083288	0.028368	0.886208	15	2	0.39396
PKMYT1	3	0.17674	0.27843	0.970866	159	2	-0.65524	0.4782	0.47708	0.980715	269	1	-0.65524
DDR2	6	0.17763	0.34157	0.970866	160	2	0.27434	0.58546	0.61565	0.984077	306	1	0.27434
ROR1	6	0.17857	0.34286	0.970866	161	3	-0.59944	0.66035	0.67002	0.984077	333	1	-0.59944
ZAP70	6	0.17934	0.34399	0.970866	162	2	-0.089972	0.32598	0.45662	0.979849	228	1	-0.089972
FYN	6	0.18184	0.3476	0.970866	163	3	-0.41799	0.75699	0.75649	0.991128	375	0	-0.41799
NUAK1	6	0.18275	0.34877	0.970866	164	2	0.037223	0.88672	0.88716	0.995876	434	0	0.037223
MAST3	6	0.18348	0.34974	0.970866	165	3	-0.51808	0.91607	0.9164	0.995876	449	0	-0.51808
FGFR3	6	0.18615	0.35335	0.970866	166	1	0.39953	0.22441	0.34562	0.979849	168	2	0.39953
CAMK2A	6	0.18618	0.35339	0.970866	167	2	0.010876	0.87113	0.87229	0.994	430	0	0.010876
DAPK3	6	0.18624	0.35349	0.970866	168	3	-0.22563	0.10306	0.21384	0.972305	103	1	-0.22563
TRPM7	6	0.18679	0.35426	0.970866	169	3	-0.46511	0.87474	0.87574	0.995624	431	0	-0.46511
EIF2AK4	12	0.18888	0.43436	0.970866	170	4	-0.17877	0.99388	0.99408	0.999946	486	0	-0.17877
WNK4	6	0.19068	0.35974	0.970866	171	3	-0.21015	0.27961	0.40608	0.979849	202	2	-0.21015
ITK	6	0.19123	0.36042	0.970866	172	2	0.28077	0.10366	0.21485	0.972305	104	2	0.28077
ALK	6	0.19348	0.36349	0.970866	173	3	-0.56974	0.4574	0.5384	0.984077	264	1	-0.56974
ADCK4	6	0.1946	0.36473	0.970866	174	1	0.34407	0.78914	0.78887	0.994	384	0	0.34407
TLK2	5	0.20073	0.35764	0.970866	175	2	-0.0903	0.81303	0.81371	0.994	401	0	-0.0903
PASK	6	0.20131	0.37395	0.970866	176	3	-0.25975	0.20962	0.32971	0.979849	159	1	-0.25975
STRADA	6	0.20197	0.37494	0.970866	177	3	-0.56874	0.83678	0.83748	0.994	410	0	-0.56874
STK4	6	0.20426	0.37803	0.970866	178	3	-0.60676	0.49272	0.55802	0.984077	274	1	-0.60676
SGK1	6	0.20714	0.38197	0.970866	179	3	-0.53275	0.091966	0.19411	0.946159	97	2	-0.53275
PRKCE	6	0.20925	0.38477	0.970866	180	2	0.43823	0.16597	0.28271	0.979849	136	2	0.43823
ARAF	6	0.20962	0.38527	0.970866	181	3	-0.40328	0.72154	0.72237	0.984077	356	1	-0.40328
TIE1	6	0.21159	0.3876	0.970866	182	2	-0.24046	0.42133	0.5195	0.984077	254	1	-0.24046
TLK1	6	0.21393	0.3908	0.970866	183	2	-0.38331	0.34035	0.47248	0.980715	234	1	-0.38331
RPS6KA5	12	0.21542	0.47136	0.970866	184	5	-0.2744	0.15153	0.33317	0.979849	129	3	-0.2744
NEK8	6	0.21644	0.39404	0.970866	185	3	-0.39909	0.24854	0.37116	0.979849	180	1	-0.39909
MAST2	6	0.21703	0.39492	0.970866	186	3	-0.15787	0.65789	0.66824	0.984077	332	1	-0.15787
OBSCN	12	0.21764	0.47425	0.970866	187	4	-0.26525	0.64566	0.77576	0.994	325	2	-0.26525
PTK7	6	0.21879	0.39728	0.970866	188	3	-0.20727	0.77208	0.77197	0.994	378	0	-0.20727
PLK3	6	0.21942	0.39815	0.970866	189	2	-0.19264	0.73313	0.73324	0.984077	364	1	-0.19264
NPR2	6	0.22278	0.40272	0.970866	190	2	0.056424	0.076859	0.16733	0.918356	86	2	0.056424
JAK1	12	0.22352	0.48223	0.970866	191	5	-0.2167	0.96223	0.96154	0.995876	472	0	-0.2167
HIPK3	5	0.22667	0.3824	0.970866	192	2	-0.11544	0.80409	0.80421	0.994	394	0	-0.11544
MAP3K2	6	0.22766	0.40938	0.970866	193	2	-0.23153	0.9335	0.93393	0.995876	458	0	-0.23153
TSSK3	6	0.22929	0.41163	0.970866	194	2	-0.35175	0.25171	0.37461	0.979849	183	1	-0.35175
CAMK2B	6	0.23189	0.41503	0.970866	195	3	-0.27117	0.95196	0.95216	0.995876	464	0	-0.27117
LRRK1	6	0.23206	0.41524	0.970866	196	3	-0.45623	0.95629	0.95591	0.995876	467	0	-0.45623
DYRK1A	6	0.23369	0.4176	0.970866	197	3	-0.49332	0.60998	0.6328	0.984077	310	1	-0.49332
NEK11	6	0.23414	0.41812	0.970866	198	2	-0.12618	0.066751	0.14879	0.918356	75	2	-0.12618
EPHB1	6	0.23524	0.41967	0.970866	199	3	-0.007419	0.20536	0.32498	0.979849	156	2	-0.007419
CAMK2D	6	0.2428	0.42954	0.970866	200	3	-0.55808	0.1195	0.23162	0.972305	114	1	-0.55808
MAPK6	6	0.24586	0.43373	0.970866	201	3	-0.068042	0.79674	0.79639	0.994	386	0	-0.068042
EPHA4	6	0.24696	0.43529	0.970866	202	2	-0.29088	0.85938	0.86032	0.994	423	0	-0.29088
CAMK4	6	0.24723	0.43562	0.970866	203	2	-0.29361	0.995	0.99475	0.999946	487	0	-0.29361
MAP3K10	6	0.24894	0.43789	0.970866	204	3	-0.30241	0.26498	0.38989	0.979849	190	2	-0.30241
PHKG1	6	0.24956	0.43862	0.970866	205	3	-0.024126	0.7088	0.71149	0.984077	351	1	-0.024126
ACVRL1	6	0.25045	0.43994	0.970866	206	2	0.21431	0.20464	0.32424	0.979849	155	1	0.21431
VRK3	6	0.25125	0.44092	0.970866	207	2	-0.39409	0.83855	0.83933	0.994	412	0	-0.39409
MYLK3	6	0.25265	0.44281	0.970866	208	3	-0.13958	0.2736	0.3996	0.979849	196	1	-0.13958
IKBKE	6	0.25762	0.44962	0.970866	209	3	-0.45127	0.21315	0.33343	0.979849	162	2	-0.45127
MLKL	6	0.25959	0.45225	0.970866	210	1	-0.018539	0.80513	0.80498	0.994	396	0	-0.018539
TSSK4	6	0.26012	0.45284	0.970866	211	3	-0.10368	0.49841	0.56151	0.984077	275	1	-0.10368
TTBK2	6	0.26012	0.45284	0.970866	212	2	0.12272	0.67006	0.67783	0.984077	336	1	0.12272
MAP2K7	6	0.26074	0.4536	0.970866	213	3	-0.18594	0.31576	0.446	0.979849	220	1	-0.18594
FLT3	6	0.26116	0.45417	0.970866	214	1	0.26786	0.77846	0.77818	0.994	380	0	0.26786
AKT3	6	0.262	0.45517	0.970866	215	3	-0.46527	0.64956	0.66192	0.984077	326	1	-0.46527
CLK4	6	0.26262	0.45581	0.970866	216	3	-0.36804	0.97316	0.97298	0.995876	476	0	-0.36804
MAP4K1	6	0.26272	0.45597	0.970866	217	2	0.036605	0.53998	0.58662	0.984077	290	1	0.036605
ACVR1B	6	0.26325	0.4567	0.970866	218	3	-0.34201	0.97644	0.97634	0.995876	478	0	-0.34201
ADCK1	6	0.26428	0.45804	0.970866	219	1	0.73272	0.052631	0.12365	0.918356	56	3	0.73272
SIK1	6	0.26577	0.4602	0.970866	220	3	-0.22325	0.87791	0.87857	0.995734	432	0	-0.22325
RPS6KA4	12	0.26621	0.53796	0.970866	221	4	0.079339	0.029158	0.099896	0.918356	31	4	0.079339
STK10	6	0.26741	0.46202	0.970866	222	2	-0.19437	0.15512	0.2705	0.979849	131	1	-0.19437
GAK	6	0.27514	0.46796	0.970866	223	1	0.83362	0.047263	0.11332	0.918356	50	2	0.83362
CLK1	6	0.27554	0.46829	0.970866	224	2	-0.43103	0.18105	0.29884	0.979849	144	2	-0.43103
STYK1	6	0.27668	0.46915	0.970866	225	2	0.19208	0.11405	0.22615	0.972305	109	1	0.19208
PIM2	6	0.28043	0.47182	0.970866	226	2	-0.2024	0.26272	0.38717	0.979849	188	1	-0.2024
TTBK1	6	0.28281	0.47347	0.970866	227	2	-0.38451	0.79727	0.79689	0.994	387	0	-0.38451
RPS6KL1	6	0.28586	0.4756	0.970866	228	2	0.024773	0.21787	0.33845	0.979849	165	1	0.024773
MATK	6	0.29024	0.47893	0.970866	229	2	-0.075264	0.63849	0.65345	0.984077	318	1	-0.075264
GSK3B	6	0.29041	0.47907	0.970866	230	1	0.76944	0.065959	0.14741	0.918356	74	3	0.76944
CDC42BPB	6	0.29597	0.48319	0.970866	231	2	-0.028857	0.26093	0.38519	0.979849	186	2	-0.028857
MOK	6	0.29679	0.4838	0.970866	232	2	-0.28269	0.9537	0.95364	0.995876	465	0	-0.28269
SPEG	12	0.30177	0.57927	0.970866	233	3	0.3799	0.81743	0.86477	0.994	402	1	0.3799
ERBB4	6	0.30393	0.48946	0.970866	234	2	-0.51812	0.98509	0.98518	0.999353	483	0	-0.51812
ROS1	6	0.30418	0.48957	0.970866	235	2	-0.19039	0.8546	0.8553	0.994	421	0	-0.19039
MAPK13	6	0.30541	0.49068	0.970866	236	1	0.73993	0.093549	0.19682	0.946159	98	3	0.73993
NEK3	6	0.30838	0.49298	0.970866	237	1	-0.26824	0.67483	0.68162	0.984077	338	1	-0.26824
MAP2K1	5	0.31435	0.46648	0.970866	238	2	-0.031143	0.56482	0.58021	0.984077	296	1	-0.031143
ULK4	6	0.31487	0.49806	0.970866	239	2	-0.10153	0.52933	0.58008	0.984077	285	1	-0.10153
BMPR2	6	0.31576	0.49875	0.970866	240	2	0.18042	0.72841	0.72886	0.984077	361	1	0.18042
MYLK2	6	0.31723	0.4998	0.970866	241	1	-0.30304	0.45376	0.53632	0.984077	262	1	-0.30304
ULK1	6	0.31734	0.4999	0.970866	242	2	0.23627	0.11223	0.22405	0.972305	108	1	0.23627
PRKACG	6	0.31869	0.50083	0.970866	243	2	-0.099047	0.19304	0.3118	0.979849	147	2	-0.099047
FRK	6	0.32015	0.5018	0.970866	244	1	-0.11771	0.97782	0.97775	0.995876	479	0	-0.11771
PRKACB	6	0.32146	0.50269	0.970866	245	2	-0.23181	0.49157	0.55742	0.984077	273	1	-0.23181
CSNK1G3	6	0.32161	0.50281	0.970866	246	1	0.33421	0.2674	0.39267	0.979849	191	1	0.33421
RPS6KA1	12	0.32932	0.60233	0.970866	247	1	0.24166	0.11621	0.27735	0.979849	112	3	0.24166
STK17B	6	0.33176	0.51037	0.970866	248	2	-0.1598	0.25013	0.37282	0.979849	181	1	-0.1598
EPHB6	6	0.33301	0.51154	0.970866	249	2	0.29148	0.20131	0.32065	0.979849	152	1	0.29148
SGK2	6	0.33463	0.51296	0.970866	250	2	-0.09951	0.77383	0.77368	0.994	379	0	-0.09951
DMPK	6	0.33892	0.51618	0.970866	251	1	-0.099899	0.90838	0.90938	0.995876	443	0	-0.099899
ABL1	6	0.33961	0.51668	0.970866	252	2	0.051903	0.74368	0.74327	0.984328	371	1	0.051903
STK33	6	0.34291	0.51903	0.970866	253	2	-0.39048	0.88996	0.89087	0.995876	436	0	-0.39048
RPS6KB2	6	0.34319	0.51923	0.970866	254	2	-0.22865	0.35865	0.48917	0.984077	239	1	-0.22865
RPS6KA2	12	0.34362	0.61487	0.971884	255	4	-0.38493	0.99893	0.99897	0.999946	488	0	-0.38493
CSNK1G2	6	0.34603	0.52137	0.970866	256	1	0.549	0.33463	0.46627	0.979849	230	1	0.549
MARK1	6	0.34868	0.52338	0.970866	257	2	-0.42959	0.72361	0.72427	0.984077	358	1	-0.42959
EIF2AK2	6	0.35166	0.52556	0.970866	258	2	-0.48626	0.80462	0.8045	0.994	395	0	-0.48626
TEK	6	0.35307	0.52657	0.970866	259	1	0.47438	0.0033614	0.012686	0.62158	10	2	0.47438
POMK	4	0.35335	0.49169	0.970866	260	1	0.0021481	0.75624	0.75604	0.991128	374	0	0.0021481
NRBP2	6	0.35586	0.52885	0.970866	261	2	-0.12478	0.47058	0.54602	0.984077	267	1	-0.12478
CAMKK2	6	0.35611	0.52907	0.970866	262	2	0.41048	0.03302	0.086294	0.918356	36	2	0.41048
CDK20	6	0.36188	0.53369	0.970866	263	2	-0.15309	0.93223	0.93264	0.995876	457	0	-0.15309
CDK6	6	0.36353	0.53479	0.970866	264	2	-0.099074	0.91504	0.91549	0.995876	447	0	-0.099074
PAK2	6	0.36558	0.53629	0.970866	265	1	0.64651	0.019732	0.059516	0.918356	26	3	0.64651
BRAF	6	0.36833	0.53866	0.970866	266	2	0.37838	0.46462	0.54246	0.984077	266	1	0.37838
CONTROL	50	0.36956	0.7881	0.975723	267	15	-0.13097	0.29749	0.67608	0.984077	212	12	-0.13097
FGFR4	6	0.37177	0.54135	0.970866	268	2	-0.19547	0.57864	0.61101	0.984077	302	1	-0.19547
NTRK1	6	0.37244	0.5419	0.970866	269	1	-0.10017	0.20796	0.32805	0.979849	158	1	-0.10017
TEX14	6	0.37342	0.54252	0.970866	270	2	0.099216	0.30838	0.43774	0.979849	217	1	0.099216
PRKCI	6	0.37381	0.54286	0.970866	271	2	0.043482	0.21128	0.33141	0.979849	161	1	0.043482
TRIB2	5	0.37427	0.52505	0.970866	272	2	0.16251	0.087765	0.17045	0.918356	93	2	0.16251
RPS6KA6	12	0.37742	0.64405	0.975723	273	3	0.0044577	0.34432	0.5541	0.984077	236	3	0.0044577
LIMK2	6	0.38001	0.54768	0.970866	274	2	-0.18975	0.95673	0.95638	0.995876	468	0	-0.18975
FES	6	0.38732	0.55367	0.970866	275	1	-0.16818	0.14001	0.25378	0.979849	125	2	-0.16818
STK32C	6	0.38866	0.55473	0.970866	276	1	0.24024	0.52718	0.5788	0.984077	284	1	0.24024
PIM1	6	0.39	0.55572	0.970866	277	1	0.35608	0.24377	0.36585	0.979849	178	1	0.35608
TRIO	6	0.39151	0.55718	0.970866	278	2	-0.066321	0.30911	0.43858	0.979849	218	2	-0.066321
RYK	6	0.39315	0.55843	0.970866	279	2	0.0098043	0.64534	0.65851	0.984077	324	1	0.0098043
TGFBR2	6	0.39479	0.55975	0.970866	280	2	0.92717	0.045358	0.10954	0.918356	46	3	0.92717
PRKACA	6	0.39532	0.56028	0.970866	281	1	0.055262	0.32888	0.45971	0.979849	229	2	0.055262
PDPK1	5	0.39621	0.54573	0.970866	282	2	-0.49713	0.65325	0.65476	0.984077	328	1	-0.49713
IRAK3	6	0.40191	0.56592	0.970866	283	1	0.1619	0.76614	0.76604	0.994	376	0	0.1619
MET	6	0.40217	0.56607	0.970866	284	2	-0.29199	0.91296	0.91363	0.995876	446	0	-0.29199
PRKD2	6	0.4038	0.56726	0.970866	285	2	-0.43963	0.50517	0.56564	0.984077	277	1	-0.43963
STK26	6	0.40544	0.56856	0.970866	286	2	0.33461	0.34373	0.47591	0.980715	235	2	0.33461
PKN1	6	0.40844	0.57116	0.970866	287	2	-0.33815	0.92509	0.92528	0.995876	452	0	-0.33815
CDK9	7	0.40892	0.60609	0.971884	288	2	0.10107	0.24741	0.38786	0.979849	179	2	0.10107
NPR1	6	0.40974	0.57218	0.970866	289	1	0.16704	0.20692	0.32692	0.979849	157	2	0.16704
PTK2B	6	0.41198	0.57401	0.970866	290	2	-0.10511	0.68803	0.69288	0.984077	341	1	-0.10511
TTN	6	0.41492	0.57634	0.970866	291	1	0.56933	0.32064	0.45097	0.979849	224	2	0.56933
CDK11A	5	0.41794	0.56678	0.970866	292	1	0.035105	0.40365	0.46955	0.979849	250	1	0.035105
PSKH1	6	0.41878	0.57949	0.970866	293	2	0.059117	0.81224	0.81236	0.994	400	0	0.059117
ATM	6	0.42094	0.58116	0.970866	294	2	1.0987	0.001007	0.0046513	0.253236	9	3	1.0987
CHUK	6	0.42257	0.58256	0.970866	295	2	-0.35434	0.44147	0.5297	0.984077	260	1	-0.35434
Rosa26	1	0.4226	0.42288	0.970866	296	0	-0.21937	0.5774	0.57804	0.984077	301	0	-0.21937
AURKC	6	0.42338	0.583	0.970866	297	2	-0.038896	0.048358	0.1156	0.918356	51	1	-0.038896
ADRBK2	6	0.42419	0.58372	0.970866	298	2	0.20938	0.10857	0.21989	0.972305	106	2	0.20938
GSK3A	6	0.42769	0.58632	0.970866	299	2	-0.012716	0.90041	0.90163	0.995876	441	0	-0.012716
MYO3B	6	0.42896	0.58737	0.970866	300	1	-0.27292	0.97461	0.97448	0.995876	477	0	-0.27292
CSNK2A2	6	0.43399	0.59154	0.970866	301	1	0.21058	0.62267	0.64186	0.984077	313	1	0.21058
STK32B	6	0.43635	0.59381	0.970866	302	2	0.082526	0.48697	0.55497	0.984077	271	1	0.082526
LYN	6	0.43649	0.59393	0.970866	303	2	-0.48254	0.92556	0.92579	0.995876	453	0	-0.48254
CASK	6	0.44281	0.59883	0.970866	304	2	0.049493	0.1379	0.25127	0.979849	123	2	0.049493
KSR1	6	0.44362	0.59947	0.970866	305	2	0.17274	0.71875	0.71988	0.984077	353	1	0.17274
PDGFRA	6	0.44518	0.60082	0.970866	306	2	0.37858	0.83544	0.83611	0.994	409	0	0.37858
STK31	6	0.44604	0.60159	0.970866	307	2	0.26693	0.64192	0.65599	0.984077	321	1	0.26693
MAP3K6	6	0.45407	0.60872	0.971884	308	2	-0.12677	0.45619	0.5376	0.984077	263	1	-0.12677
EPHB3	6	0.45728	0.61123	0.971884	309	2	-0.30264	0.80254	0.80224	0.994	391	0	-0.30264
TBCK	6	0.46128	0.61472	0.971884	310	2	-0.30501	0.64278	0.65673	0.984077	322	1	-0.30501
AURKA	2	0.46535	0.46389	0.970866	311	1	0.46082	0.17158	0.18415	0.946159	139	1	0.46082
TAOK1	5	0.46631	0.61275	0.971884	312	2	0.31563	0.36025	0.44399	0.979849	240	1	0.31563
PAK3	6	0.46701	0.61985	0.975471	313	1	0.12279	0.85379	0.85444	0.994	420	0	0.12279
CAMKV	6	0.46845	0.62112	0.975471	314	2	-0.025656	0.20297	0.32248	0.979849	153	1	-0.025656
TXK	6	0.47322	0.62522	0.975723	315	2	0.13217	0.17413	0.2911	0.979849	141	2	0.13217
NUAK2	6	0.47413	0.62593	0.975723	316	1	0.55339	0.63935	0.65403	0.984077	319	1	0.55339
MST1R	6	0.48902	0.63828	0.975723	317	2	0.32963	0.50405	0.5648	0.984077	276	1	0.32963
CIT	6	0.4898	0.63884	0.975723	318	2	0.45782	0.095678	0.20082	0.946159	101	1	0.45782
PRKCB	6	0.49157	0.64047	0.975723	319	1	0.12817	0.64107	0.6554	0.984077	320	1	0.12817
LRRK2	6	0.49372	0.6421	0.975723	320	2	-0.2704	0.91556	0.916	0.995876	448	0	-0.2704
TSSK2	6	0.49607	0.64426	0.975723	321	2	-0.28386	0.73179	0.73213	0.984077	363	1	-0.28386
MAPK1	6	0.49998	0.64778	0.975723	322	2	-0.06116	0.69708	0.70105	0.984077	346	1	-0.06116
MAP4K3	6	0.50067	0.6484	0.975723	323	1	0.41561	0.26985	0.3955	0.979849	193	2	0.41561
PDIK1L	6	0.50293	0.65037	0.975723	324	1	0.47064	0.023429	0.066847	0.918356	28	2	0.47064
TNNI3K	6	0.50517	0.65247	0.975723	325	1	0.48625	0.07531	0.16439	0.918356	83	3	0.48625
NRK	6	0.50741	0.65435	0.975723	326	1	0.28464	0.73779	0.73756	0.984328	368	1	0.28464
CLK2	6	0.51408	0.65995	0.975723	327	1	0.39808	0.087481	0.18597	0.946159	92	2	0.39808
MAPKAPK3	6	0.52087	0.66554	0.975723	328	2	0.37187	0.78188	0.78176	0.994	382	0	0.37187
FLT1	6	0.52718	0.67095	0.975723	329	1	-0.17357	0.95775	0.95748	0.995876	469	0	-0.17357
BRSK2	6	0.52852	0.67214	0.975723	330	2	-0.41183	0.57667	0.6097	0.984077	300	1	-0.41183
ROCK2	6	0.53004	0.67322	0.975723	331	2	-0.10706	0.86517	0.86611	0.994	426	0	-0.10706
PRKY	5	0.53285	0.65064	0.975723	332	1	0.63453	0.55348	0.57166	0.984077	293	1	0.63453
STK35	6	0.53612	0.67879	0.975723	333	2	-0.33991	0.85977	0.86068	0.994	424	0	-0.33991
IRAK4	6	0.53787	0.68007	0.975723	334	1	0.53102	0.31899	0.44922	0.979849	223	2	0.53102
CDK16	6	0.54066	0.68245	0.975723	335	2	-0.10884	0.65458	0.66578	0.984077	330	1	-0.10884
TESK1	6	0.54209	0.68351	0.975723	336	1	0.10058	0.82487	0.82543	0.994	403	0	0.10058
FGFR2	6	0.54217	0.68361	0.975723	337	2	0.021517	0.37517	0.49636	0.984077	244	1	0.021517
LIMK1	6	0.54292	0.68415	0.975723	338	2	-0.10075	0.74173	0.74141	0.984328	370	1	-0.10075
MAPK3	5	0.5446	0.65554	0.975723	339	1	-0.32829	0.97973	0.97942	0.995876	482	0	-0.32829
STKLD1	6	0.55043	0.6909	0.975723	340	1	-0.13808	0.95584	0.95555	0.995876	466	0	-0.13808
SNRK	6	0.55352	0.69362	0.975723	341	1	0.2466	0.23524	0.3569	0.979849	171	2	0.2466
STK36	6	0.55713	0.6966	0.975723	342	2	0.74375	0.13861	0.25216	0.979849	124	2	0.74375
CDKL4	6	0.55864	0.69783	0.975723	343	1	0.41699	0.27717	0.40356	0.979849	200	2	0.41699
NLK	6	0.55936	0.69845	0.975723	344	2	0.022814	0.038651	0.096676	0.918356	39	1	0.022814
STK39	6	0.55966	0.69873	0.975723	345	1	0.38665	0.069427	0.15385	0.918356	79	2	0.38665
RIPK3	6	0.56232	0.70108	0.975723	346	2	0.42568	0.057983	0.13315	0.918356	64	2	0.42568
MAST1	6	0.56271	0.70142	0.975723	347	1	0.22646	0.29925	0.42749	0.979849	213	2	0.22646
STK32A	6	0.56372	0.70223	0.975723	348	1	0.067162	0.51738	0.57291	0.984077	280	1	0.067162
SIK2	6	0.56674	0.70491	0.975723	349	2	-0.20329	0.53787	0.58535	0.984077	288	1	-0.20329
YES1	6	0.56895	0.70677	0.975723	350	2	0.060037	0.16671	0.28332	0.979849	137	2	0.060037
RIPK4	6	0.57173	0.70916	0.975723	351	1	0.89486	0.042423	0.10409	0.918356	43	3	0.89486
CAMK1G	6	0.5747	0.71181	0.975723	352	1	0.14997	0.23575	0.35741	0.979849	172	2	0.14997
MKNK2	6	0.5748	0.71188	0.975723	353	2	-0.19279	0.27821	0.4046	0.979849	201	1	-0.19279
RET	6	0.57553	0.71237	0.975723	354	2	0.051963	0.50629	0.56628	0.984077	278	1	0.051963
NEK1	6	0.57772	0.71409	0.975723	355	2	0.019493	0.72292	0.72364	0.984077	357	1	0.019493
CDC42BPG	6	0.58642	0.72179	0.975723	356	1	0.14709	0.14456	0.25903	0.979849	126	1	0.14709
TRIB1	6	0.59598	0.72848	0.975723	357	1	0.33918	0.72636	0.72683	0.984077	360	1	0.33918
CDK13	6	0.59693	0.7289	0.975723	358	1	1.6977	0.00043828	0.0021944	0.153606	7	5	1.6977
SIK3	6	0.59787	0.72919	0.975723	359	1	0.19455	0.033848	0.08781	0.918356	37	2	0.19455
KIAA1804	5	0.59826	0.67939	0.975723	360	1	0.25214	0.81215	0.8129	0.994	399	0	0.25214
GUCY2F	6	0.60256	0.73097	0.975723	361	1	0.58112	0.69108	0.69549	0.984077	342	1	0.58112
PINK1	6	0.6035	0.73134	0.975723	362	1	0.13834	0.44023	0.52904	0.984077	259	1	0.13834
TNK2	6	0.61637	0.73602	0.975723	363	1	-0.22371	0.84463	0.84539	0.994	414	0	-0.22371
ROR2	6	0.61908	0.73677	0.975723	364	1	0.2075	0.042543	0.10427	0.918356	44	1	0.2075
MAP3K1	6	0.61998	0.73709	0.975723	365	1	0.87052	0.068661	0.15237	0.918356	78	3	0.87052
LATS2	6	0.62178	0.73778	0.975723	366	1	-0.098333	0.13568	0.249	0.979849	122	1	-0.098333
FASTK	6	0.64021	0.74468	0.975723	367	1	0.18411	0.26336	0.38786	0.979849	189	2	0.18411
BLK	6	0.64192	0.74533	0.975723	368	1	-0.12851	0.49042	0.5569	0.984077	272	1	-0.12851
AK3	6	0.64448	0.7464	0.975723	369	1	-0.031734	0.84801	0.84864	0.994	415	0	-0.031734
SBK3	6	0.6504	0.74879	0.975723	370	1	0.081143	0.21628	0.33664	0.979849	164	2	0.081143
PRKCH	6	0.65374	0.75009	0.975723	371	1	0.62854	0.040614	0.10064	0.918356	42	3	0.62854
MAP3K11	6	0.65458	0.75052	0.975723	372	1	-0.077158	0.5747	0.60852	0.984077	299	1	-0.077158
MAP3K12	6	0.66361	0.75394	0.975723	373	1	0.31824	0.32393	0.45428	0.979849	226	2	0.31824
MAP3K13	6	0.66685	0.75515	0.975723	374	1	0.4264	0.24323	0.36526	0.979849	177	2	0.4264
MAP2K2	6	0.67876	0.76	0.975723	375	1	0.70728	0.14567	0.26022	0.979849	127	2	0.70728
NEK2	6	0.67954	0.76038	0.975723	376	1	2.162	0.00021171	0.0010452	0.123786	3	4	2.162
MUSK	6	0.6811	0.76098	0.975723	377	1	0.45873	0.54732	0.59134	0.984077	292	1	0.45873
CDKL2	6	0.68803	0.76384	0.975723	378	1	-0.21604	0.58352	0.6144	0.984077	305	1	-0.21604
AKT1	6	0.68956	0.76454	0.975723	379	1	0.049257	0.85257	0.85331	0.994	419	0	0.049257
GCK	6	0.69259	0.76594	0.975723	380	1	0.14594	0.33606	0.46794	0.979849	231	1	0.14594
MINK1	6	0.70226	0.77009	0.975723	381	1	0.29227	0.37107	0.49467	0.984077	242	1	0.29227
CAMK1	6	0.70518	0.77129	0.975723	382	1	-0.19973	0.89712	0.89787	0.995876	439	0	-0.19973
AATK	6	0.71096	0.77398	0.975723	383	1	0.31391	0.20304	0.32252	0.979849	154	2	0.31391
STK38	6	0.72015	0.77791	0.975723	384	1	-0.26609	0.62535	0.64361	0.984077	316	1	-0.26609
ACVR2A	6	0.72223	0.77888	0.975723	385	1	0.29084	0.22278	0.34394	0.979849	167	2	0.29084
MAPK14	6	0.72636	0.78077	0.975723	386	1	0.1589	0.46342	0.54174	0.984077	265	1	0.1589
AXL	6	0.73044	0.78286	0.975723	387	1	0.1616	0.69259	0.69699	0.984077	343	1	0.1616
PDK2	5	0.74067	0.75897	0.975723	388	1	-0.23188	0.090294	0.17382	0.925786	95	2	-0.23188
PDGFRB	6	0.74432	0.78939	0.975723	389	1	0.12121	0.53255	0.58197	0.984077	286	1	0.12121
MERTK	6	0.75009	0.79228	0.975723	390	1	-0.1475	0.80097	0.80065	0.994	389	0	-0.1475
EPHA3	6	0.7545	0.79441	0.975723	391	1	0.7553	0.032233	0.084897	0.918356	35	3	0.7553
CHEK2	6	0.75574	0.79505	0.975723	392	1	0.53623	0.55558	0.59666	0.984077	294	1	0.53623
STK17A	6	0.76068	0.79744	0.975723	393	1	-0.016025	0.27668	0.40302	0.979849	199	1	-0.016025
EEF2K	6	0.7619	0.79822	0.975723	394	1	0.00043453	0.53892	0.58603	0.984077	289	1	0.00043453
WEE1	4	0.76588	0.76596	0.975723	395	1	0.70415	0.11857	0.19564	0.946159	113	2	0.70415
DCLK2	6	0.76614	0.80055	0.975723	396	1	0.16648	0.82815	0.82864	0.994	404	0	0.16648
ULK2	6	0.76674	0.80086	0.975723	397	1	0.65116	0.051638	0.12187	0.918356	54	2	0.65116
MASTL	9	0.76713	0.86559	0.975723	398	2	-0.030031	0.0075301	0.029716	0.886208	14	2	-0.030031
MAPK12	6	0.76793	0.8015	0.975723	399	1	-0.052408	0.92105	0.92136	0.995876	451	0	-0.052408
ATR	3	0.77173	0.773	0.975723	400	0	1.6879	0.013538	0.030746	0.886208	21	2	1.6879
CDK1	3	0.77641	0.77761	0.975723	401	0	-0.14285	0.26912	0.296	0.979849	192	1	-0.14285
MAPK11	6	0.78414	0.81068	0.975723	402	1	0.51195	0.21951	0.34021	0.979849	166	2	0.51195
MAK	6	0.79188	0.81503	0.975723	403	1	1.0654	0.0037535	0.013954	0.62158	11	3	1.0654
PSKH2	6	0.79833	0.8188	0.975723	404	1	0.12939	0.27066	0.39647	0.979849	194	2	0.12939
TEC	6	0.80097	0.82042	0.975723	405	1	0.38463	0.064578	0.14476	0.918356	71	2	0.38463
MAPK9	6	0.80462	0.82284	0.975723	406	1	0.59642	0.097953	0.20477	0.955594	102	2	0.59642
LMTK3	6	0.80513	0.82317	0.975723	407	1	0.15486	0.57073	0.60595	0.984077	298	1	0.15486
NTRK2	6	0.81074	0.82722	0.975723	408	1	0.076569	0.23091	0.35239	0.979849	170	2	0.076569
MYLK4	6	0.81224	0.82811	0.975723	409	1	0.56819	0.067641	0.15038	0.918356	77	3	0.56819
CAMKK1	6	0.81274	0.82841	0.975723	410	1	0.77568	0.045087	0.10905	0.918356	45	3	0.77568
KALRN	5	0.81953	0.82103	0.975723	411	1	0.20946	0.90959	0.90946	0.995876	444	0	0.20946
CDK14	6	0.82058	0.83391	0.975723	412	1	-0.068974	0.76912	0.76923	0.994	377	0	-0.068974
PDK4	6	0.82393	0.83628	0.975723	413	1	0.5443	0.078573	0.17055	0.918356	89	3	0.5443
MAST4	6	0.82581	0.83743	0.975723	414	1	0.48746	0.086277	0.18377	0.946159	91	2	0.48746
INSR	6	0.82861	0.83944	0.975723	415	1	0.42607	0.076029	0.16575	0.918356	84	3	0.42607
EPHB2	6	0.83137	0.84128	0.975723	416	1	0.31733	0.30244	0.43093	0.979849	214	1	0.31733
PAK1	6	0.83455	0.8435	0.975723	417	1	0.17309	0.1719	0.28865	0.979849	140	2	0.17309
IRAK2	6	0.835	0.84376	0.975723	418	1	0.19202	0.74818	0.74779	0.987642	372	0	0.19202
NRBP1	6	0.84377	0.85034	0.975723	419	1	2.5166	3.8815e-05	0.00023281	0.114078	1	4	2.5166
STK38L	6	0.8442	0.85075	0.975723	420	1	-0.18078	0.040599	0.10062	0.918356	41	1	-0.18078
CSF1R	6	0.84506	0.85139	0.975723	421	1	0.83593	0.061051	0.1386	0.918356	65	3	0.83593
TAOK2	6	0.84675	0.85264	0.975723	422	1	0.61128	0.27391	0.4	0.979849	197	2	0.61128
CDKL1	6	0.84801	0.85349	0.975723	423	1	0.58452	0.050977	0.12055	0.918356	53	3	0.58452
CDK3	6	0.85379	0.85814	0.975723	424	1	0.34954	0.59503	0.62236	0.984077	308	1	0.34954
SCYL3	6	0.8546	0.85883	0.975723	425	1	0.25986	0.4006	0.50873	0.984077	249	1	0.25986
PKN3	6	0.8554	0.85936	0.975723	426	1	0.85842	0.305	0.43395	0.979849	216	2	0.85842
CSNK1E	6	0.8574	0.8611	0.975723	427	1	0.64914	0.056678	0.13095	0.918356	62	2	0.64914
FER	6	0.85938	0.8629	0.975723	428	1	0.064686	0.80306	0.80285	0.994	392	0	0.064686
CDKL5	6	0.86055	0.86386	0.975723	429	1	-0.20435	0.83228	0.83294	0.994	407	0	-0.20435
RPL9	3	0.86211	0.86303	0.975723	430	0	1.1252	0.06173	0.10835	0.918356	67	2	1.1252
MAP3K14	6	0.86249	0.86549	0.975723	431	1	-0.067165	0.24243	0.36428	0.979849	176	2	-0.067165
EPHA10	6	0.86288	0.86574	0.975723	432	1	-0.35442	0.96828	0.968	0.995876	475	0	-0.35442
HUNK	6	0.86479	0.86736	0.975723	433	1	0.68466	0.19918	0.3182	0.979849	149	2	0.68466
NEK7	6	0.86593	0.86845	0.975723	434	1	0.16476	0.93977	0.94004	0.995876	462	0	0.16476
SBK2	6	0.86818	0.87063	0.975723	435	1	0.18117	0.73514	0.73505	0.984077	367	1	0.18117
DYRK2	6	0.87039	0.87261	0.975723	436	1	-0.14692	0.42006	0.51878	0.984077	253	1	-0.14692
LTK	6	0.87076	0.87286	0.975723	437	1	0.43867	0.85092	0.85162	0.994	418	0	0.43867
SRC	6	0.87651	0.87774	0.975723	438	1	0.28932	0.25487	0.37833	0.979849	185	1	0.28932
MAP3K4	6	0.87756	0.87867	0.975723	439	1	-0.29352	0.96055	0.96021	0.995876	470	0	-0.29352
TNK1	6	0.87791	0.87893	0.975723	440	1	-0.15387	0.11587	0.22828	0.972305	111	1	-0.15387
CDK12	5	0.87885	0.8793	0.975723	441	0	2.4798	0.00026802	0.0012037	0.123786	5	3	2.4798
MAPK7	6	0.88171	0.88227	0.975723	442	1	0.27431	0.39532	0.50623	0.984077	248	1	0.27431
NEK4	6	0.88306	0.88358	0.975723	443	1	0.0054446	0.16083	0.27683	0.979849	133	2	0.0054446
OXSR1	6	0.88373	0.88412	0.975723	444	1	0.16982	0.17041	0.28729	0.979849	138	2	0.16982
SBK1	6	0.88964	0.89046	0.978204	445	0	0.47555	0.31734	0.44763	0.979849	221	2	0.47555
TTK	4	0.89141	0.89107	0.978204	446	0	0.47351	0.029881	0.072365	0.918356	32	2	0.47351
MAP2K5	6	0.89375	0.89436	0.978204	447	0	0.28187	0.81174	0.81182	0.994	398	0	0.28187
RPL23A	2	0.89401	0.89302	0.978204	448	0	1.1481	0.13262	0.15051	0.918356	120	1	1.1481
PLK2	6	0.89621	0.89674	0.97862	449	0	0.58891	0.075105	0.16405	0.918356	82	1	0.58891
DDR1	6	0.90187	0.90317	0.982138	450	0	-0.14667	0.72568	0.72632	0.984077	359	1	-0.14667
RIPK1	6	0.90274	0.90397	0.982138	451	0	0.51782	0.071322	0.15728	0.918356	81	2	0.51782
KSR2	6	0.90755	0.90856	0.984948	452	0	1.5388	0.00076131	0.00372	0.227852	8	5	1.5388
GRK4	6	0.9119	0.91269	0.987232	453	0	0.1206	0.50741	0.56702	0.984077	279	1	0.1206
EIF2AK3	6	0.91453	0.91502	0.987497	454	0	0.24325	0.78075	0.78055	0.994	381	0	0.24325
AURKB	2	0.91824	0.91768	0.987497	455	0	0.65921	0.28081	0.28296	0.979849	204	1	0.65921
VRK2	6	0.9213	0.92159	0.987497	456	0	-0.11907	0.65374	0.66506	0.984077	329	1	-0.11907
DCLK3	6	0.92486	0.92506	0.987497	457	0	0.44049	0.04563	0.11017	0.918356	48	3	0.44049
STK25	6	0.92602	0.92628	0.987497	458	0	-0.012608	0.65124	0.6631	0.984077	327	1	-0.012608
MARK3	6	0.92829	0.92831	0.987497	459	0	0.21053	0.28615	0.41303	0.979849	207	2	0.21053
CDK5	6	0.92896	0.92907	0.987497	460	0	0.41361	0.26255	0.38697	0.979849	187	2	0.41361
NTRK3	6	0.9318	0.93217	0.987497	461	0	-0.094688	0.92579	0.92605	0.995876	454	0	-0.094688
CAMK2G	6	0.93223	0.93264	0.987497	462	0	0.60024	0.13233	0.24514	0.979849	119	2	0.60024
CSNK1G1	6	0.93266	0.93308	0.987497	463	0	0.87325	0.040105	0.09952	0.918356	40	3	0.87325
CDK4	6	0.93599	0.93635	0.988188	464	0	0.1274	0.65541	0.66637	0.984077	331	1	0.1274
WEE2	6	0.9374	0.93777	0.988188	465	0	0.70476	0.33749	0.46937	0.979849	232	1	0.70476
EPHA1	6	0.94035	0.94069	0.98914	466	0	0.58089	0.053131	0.12459	0.918356	57	2	0.58089
LATS1	6	0.94336	0.94385	0.990338	467	0	0.16507	0.14638	0.26094	0.979849	128	2	0.16507
PRKG1	6	0.94589	0.94624	0.990722	468	0	0.13959	0.91884	0.91917	0.995876	450	0	0.13959
EIF2AK1	6	0.95212	0.95231	0.994471	469	0	0.54476	0.79459	0.79419	0.994	385	0	0.54476
STK24	6	0.95432	0.95428	0.994471	470	0	0.029961	0.050653	0.11995	0.918356	52	2	0.029961
RIPK2	6	0.95629	0.95591	0.994471	471	0	0.8074	0.070618	0.15592	0.918356	80	3	0.8074
DYRK4	6	0.96203	0.96172	0.997301	472	0	0.64324	0.035689	0.091178	0.918356	38	3	0.64324
CHEK1	2	0.9647	0.96426	0.997301	473	0	2.5946	0.011718	0.022583	0.886208	17	2	2.5946
DSTYK	6	0.96484	0.96474	0.997301	474	0	0.68493	0.20072	0.31997	0.979849	151	2	0.68493
DAPK2	6	0.96828	0.968	0.997439	475	0	0.98836	0.061693	0.1397	0.918356	66	3	0.98836
EPHB4	6	0.9707	0.97051	0.997439	476	0	1.1021	0.0148	0.04732	0.918356	22	3	1.1021
TRIB3	6	0.97977	0.97964	0.997439	477	0	0.50976	0.16523	0.28174	0.979849	135	2	0.50976
CLK3	6	0.9815	0.98139	0.997439	478	0	0.69463	0.055737	0.12933	0.918356	59	3	0.69463
PRKX	6	0.98509	0.98518	0.997439	479	0	0.68725	0.090105	0.19089	0.946159	94	3	0.68725
MELK	6	0.98586	0.98597	0.997439	480	0	0.3568	0.095452	0.20027	0.946159	100	2	0.3568
PNCK	6	0.9867	0.98684	0.997439	481	0	0.21893	0.41749	0.5177	0.984077	252	1	0.21893
MARK4	6	0.98719	0.98736	0.997439	482	0	0.49524	0.24057	0.36249	0.979849	174	1	0.49524
IKBKB	6	0.98977	0.98984	0.997439	483	0	0.36965	0.25045	0.37326	0.979849	182	2	0.36965
IRAK1	6	0.98999	0.99008	0.997439	484	0	0.779	0.2886	0.41566	0.979849	208	2	0.779
NEK9	6	0.99025	0.99024	0.997439	485	0	0.77126	0.58255	0.61369	0.984077	304	1	0.77126
CSK	6	0.99187	0.99182	0.997439	486	0	0.86401	0.076751	0.16716	0.918356	85	3	0.86401
SYK	6	0.99319	0.9929	0.997439	487	0	0.69304	0.09113	0.19255	0.946159	96	2	0.69304
EGFR	6	0.99368	0.99337	0.997439	488	0	1.4478	0.00010012	0.00048048	0.117718	2	5	1.4478
STK11	6	0.99893	0.99892	0.999123	489	0	1.7009	0.00032201	0.0015207	0.124191	6	5	1.7009
PIM3	6	0.99913	0.99912	0.999123	490	0	0.93847	0.077114	0.16785	0.918356	88	3	0.93847
