GENE	sumZ	numObs	normZ	pval_synth	rank_synth	fdr_synth	pval_supp	rank_supp	fdr_supp
RAF1	-12.94	6	-4.37	6.14e-06	1	0.00301	1	490	1
PRPF4B	-11.13	6	-3.76	8.39e-05	2	0.0206	1	489	1
MASTL	-9.98	12	-2.39	0.00841	3	0.933	0.992	488	0.996
MAP2K2	-6.95	6	-2.35	0.00929	4	0.933	0.991	487	0.996
ARAF	-6.55	6	-2.22	0.0132	5	0.933	0.987	486	0.995
NUAK2	-6.40	6	-2.17	0.015	6	0.933	0.985	485	0.995
CLK2	-6.40	6	-2.17	0.015	7	0.933	0.985	484	0.995
MAPKAPK2	-6.04	6	-2.05	0.0202	8	0.933	0.98	483	0.994
ZAK	-5.91	6	-2.01	0.0224	9	0.933	0.978	482	0.994
MAPK1	-5.83	6	-1.98	0.024	10	0.933	0.976	481	0.994
MELK	-5.51	6	-1.87	0.0308	11	0.933	0.969	480	0.989
PRKG2	-5.38	6	-1.83	0.0339	12	0.933	0.966	479	0.988
FGFR1	-5.21	6	-1.77	0.0384	13	0.933	0.962	478	0.986
SRC	-5.20	6	-1.77	0.0387	14	0.933	0.961	477	0.986
TGFBR2	-5.20	6	-1.77	0.0387	15	0.933	0.961	476	0.986
ILK	-5.03	6	-1.71	0.0437	16	0.933	0.956	475	0.986
PTK2	-5.03	6	-1.71	0.0439	17	0.933	0.956	474	0.986
PIM1	-5.02	6	-1.71	0.0441	18	0.933	0.956	473	0.986
SGK2	-5.01	6	-1.70	0.0443	19	0.933	0.956	472	0.986
LIMK2	-4.98	6	-1.69	0.0453	20	0.933	0.955	471	0.986
TRIB3	-4.96	6	-1.69	0.0459	21	0.933	0.954	470	0.986
MAP3K3	-4.96	6	-1.68	0.046	22	0.933	0.954	469	0.986
PLK1	-4.94	6	-1.68	0.0466	23	0.933	0.953	468	0.986
CAMK1	-4.84	6	-1.64	0.0501	24	0.933	0.95	467	0.986
CONTROL	-13.87	50	-1.63	0.0513	25	0.933	0.949	466	0.986
MAP4K5	-4.65	6	-1.58	0.0569	26	0.933	0.943	465	0.986
MAPKAPK3	-4.64	6	-1.58	0.0574	27	0.933	0.943	464	0.986
CAMK4	-4.62	6	-1.57	0.058	28	0.933	0.942	463	0.986
MAST4	-4.47	6	-1.52	0.0641	29	0.933	0.936	462	0.986
PHKG1	-4.38	6	-1.49	0.0684	30	0.933	0.932	461	0.986
CSK	-4.21	6	-1.43	0.076	31	0.933	0.924	460	0.984
TEX14	-4.01	6	-1.36	0.0865	32	0.933	0.914	459	0.975
ERBB2	-4.00	6	-1.36	0.0869	33	0.933	0.913	458	0.975
DSTYK	-3.98	6	-1.35	0.0878	34	0.933	0.912	457	0.975
BMPR1B	-3.94	6	-1.34	0.09	35	0.933	0.91	456	0.975
GRK4	-3.94	6	-1.34	0.0901	36	0.933	0.91	455	0.975
STK32B	-3.90	6	-1.33	0.0921	37	0.933	0.908	454	0.975
TTBK2	-3.86	6	-1.31	0.0946	38	0.933	0.905	453	0.975
STK38L	-3.81	6	-1.30	0.0974	39	0.933	0.903	452	0.975
AKT3	-3.80	6	-1.29	0.0977	40	0.933	0.902	451	0.975
RIOK2	-3.76	6	-1.28	0.1	41	0.933	0.9	450	0.975
STK35	-3.74	6	-1.27	0.101	42	0.933	0.899	449	0.975
PSKH2	-3.73	6	-1.27	0.102	43	0.933	0.898	448	0.975
TIE1	-3.71	6	-1.26	0.103	44	0.933	0.897	447	0.975
TSSK1B	-3.69	6	-1.26	0.104	45	0.933	0.896	446	0.975
PNCK	-3.68	6	-1.25	0.105	46	0.933	0.895	445	0.975
GRK5	-3.67	6	-1.25	0.106	47	0.933	0.894	444	0.975
GCK	-3.66	6	-1.25	0.106	48	0.933	0.894	443	0.975
STK26	-3.55	6	-1.21	0.113	49	0.933	0.887	442	0.975
IKBKE	-3.54	6	-1.21	0.114	50	0.933	0.886	441	0.975
ICK	-3.50	6	-1.19	0.116	51	0.933	0.884	440	0.975
TLK1	-3.41	6	-1.16	0.122	52	0.933	0.878	439	0.975
PRKCH	-3.40	6	-1.16	0.123	53	0.933	0.877	438	0.975
MYO3B	-3.39	6	-1.16	0.124	54	0.933	0.876	437	0.975
RPA3	-2.77	4	-1.16	0.124	55	0.933	0.876	436	0.975
CDK6	-3.38	6	-1.15	0.125	56	0.933	0.875	435	0.975
PLK3	-3.32	6	-1.13	0.128	57	0.933	0.872	434	0.975
PDK2	-3.32	6	-1.13	0.129	58	0.933	0.871	433	0.975
CDK18	-3.30	6	-1.13	0.13	59	0.933	0.87	432	0.975
NTRK1	-3.29	6	-1.12	0.131	60	0.933	0.869	431	0.975
SPEG	-4.57	12	-1.10	0.135	61	0.933	0.865	430	0.975
CDK1	-2.91	5	-1.09	0.138	62	0.933	0.862	429	0.975
PIM2	-3.19	6	-1.09	0.138	63	0.933	0.862	428	0.975
MAP2K5	-3.18	6	-1.08	0.139	64	0.933	0.861	427	0.975
IRAK2	-3.15	6	-1.07	0.141	65	0.933	0.859	426	0.975
CHEK2	-3.13	6	-1.07	0.143	66	0.933	0.857	425	0.975
SNRK	-3.11	6	-1.06	0.144	67	0.933	0.856	424	0.975
PLK4	-3.09	6	-1.05	0.146	68	0.933	0.854	423	0.975
EPHA8	-3.03	6	-1.04	0.15	69	0.933	0.85	422	0.975
AKT2	-3.02	6	-1.03	0.151	70	0.933	0.849	421	0.975
FRK	-3.01	6	-1.03	0.152	71	0.933	0.848	420	0.975
PRKACB	-3.01	6	-1.03	0.152	72	0.933	0.848	419	0.975
PAK7	-2.99	6	-1.02	0.153	73	0.933	0.847	418	0.975
MOS	-2.99	6	-1.02	0.154	74	0.933	0.846	417	0.975
ACVRL1	-2.97	6	-1.01	0.155	75	0.933	0.845	416	0.975
SYK	-2.95	6	-1.01	0.157	76	0.933	0.843	415	0.975
VRK3	-2.89	6	-0.99	0.162	77	0.933	0.838	414	0.975
CAMK1D	-2.85	6	-0.97	0.165	78	0.933	0.835	413	0.975
IKBKB	-2.82	6	-0.96	0.167	79	0.933	0.833	412	0.975
MAPK3	-2.76	6	-0.94	0.173	80	0.933	0.827	411	0.975
PRKD2	-2.70	6	-0.92	0.178	81	0.933	0.822	410	0.975
AURKC	-2.68	6	-0.91	0.18	82	0.933	0.82	409	0.975
EPHB3	-2.65	6	-0.91	0.182	83	0.933	0.818	408	0.975
SBK1	-2.63	6	-0.90	0.184	84	0.933	0.816	407	0.975
PAK3	-2.62	6	-0.90	0.185	85	0.933	0.815	406	0.975
PASK	-2.61	6	-0.89	0.186	86	0.933	0.814	405	0.975
EPHA2	-2.60	6	-0.89	0.187	87	0.933	0.813	404	0.975
CDK2	-2.59	6	-0.89	0.188	88	0.933	0.812	403	0.975
MAPKAPK5	-2.56	6	-0.88	0.19	89	0.933	0.81	402	0.975
OBSCN	-3.54	12	-0.86	0.196	90	0.933	0.804	401	0.975
MAP3K1	-2.49	6	-0.85	0.197	91	0.933	0.803	400	0.975
SBK2	-2.46	6	-0.84	0.2	92	0.933	0.8	399	0.975
FLT3	-2.45	6	-0.84	0.201	93	0.933	0.799	398	0.975
MAP4K1	-2.36	6	-0.81	0.209	94	0.933	0.791	397	0.975
GSK3A	-2.28	6	-0.78	0.218	95	0.933	0.782	396	0.968
EPHA5	-2.25	6	-0.77	0.221	96	0.933	0.779	395	0.967
MAP3K8	-2.20	6	-0.76	0.225	97	0.933	0.775	394	0.964
EPHB4	-2.18	6	-0.75	0.227	98	0.933	0.773	393	0.964
NRK	-2.18	6	-0.75	0.227	99	0.933	0.773	392	0.964
EPHB6	-2.08	6	-0.71	0.237	100	0.933	0.763	391	0.956
FGFR3	-2.07	6	-0.71	0.239	101	0.933	0.761	390	0.956
PDGFRA	-2.06	6	-0.71	0.24	102	0.933	0.76	389	0.956
PKN3	-2.02	6	-0.69	0.244	103	0.933	0.756	388	0.955
PRKCB	-2.00	6	-0.69	0.246	104	0.933	0.754	387	0.954
KALRN	-1.78	5	-0.67	0.251	105	0.933	0.749	386	0.951
ULK3	-1.93	6	-0.66	0.254	106	0.933	0.746	385	0.95
MAPK15	-1.92	6	-0.66	0.255	107	0.933	0.745	384	0.95
PAK2	-1.90	6	-0.65	0.257	108	0.933	0.743	383	0.95
RPS6KA3	-2.66	12	-0.65	0.259	109	0.933	0.741	382	0.95
SCYL3	-1.88	6	-0.65	0.259	110	0.933	0.741	381	0.95
MAP3K2	-1.88	6	-0.65	0.259	111	0.933	0.741	380	0.95
PRKD3	-1.87	6	-0.64	0.26	112	0.933	0.74	379	0.95
MYLK2	-1.87	6	-0.64	0.26	113	0.933	0.74	378	0.95
FGFR2	-1.87	6	-0.64	0.26	114	0.933	0.74	377	0.95
JAK2	-2.59	12	-0.63	0.265	115	0.933	0.735	376	0.95
SRPK3	-1.83	6	-0.63	0.265	116	0.933	0.735	375	0.95
RPS6KA2	-2.56	12	-0.62	0.267	117	0.933	0.733	374	0.95
IGF1R	-1.80	6	-0.62	0.267	118	0.933	0.733	373	0.95
STK10	-1.80	6	-0.62	0.267	119	0.933	0.733	372	0.95
MARK3	-1.77	6	-0.61	0.271	120	0.933	0.729	371	0.95
RIPK2	-1.77	6	-0.61	0.271	121	0.933	0.729	370	0.95
MAP2K3	-1.75	6	-0.60	0.273	122	0.933	0.727	369	0.95
AXL	-1.73	6	-0.60	0.275	123	0.933	0.725	368	0.95
LMTK2	-1.72	6	-0.59	0.277	124	0.933	0.723	367	0.95
LYN	-1.70	6	-0.58	0.279	125	0.933	0.721	366	0.95
PRKCA	-1.69	6	-0.58	0.281	126	0.933	0.719	365	0.95
RPS6KB2	-1.66	6	-0.57	0.283	127	0.933	0.717	364	0.95
TRPM7	-1.66	6	-0.57	0.283	128	0.933	0.717	363	0.95
PBK	-1.65	6	-0.57	0.285	129	0.933	0.715	362	0.95
NIM1K	-1.63	6	-0.56	0.287	130	0.933	0.713	361	0.95
HIPK2	-1.63	6	-0.56	0.287	131	0.933	0.713	360	0.95
MYLK3	-1.63	6	-0.56	0.287	132	0.933	0.713	359	0.95
PRKDC	-1.62	6	-0.56	0.287	133	0.933	0.713	358	0.95
DCLK3	-1.58	6	-0.55	0.292	134	0.933	0.708	357	0.95
PTK2B	-1.56	6	-0.54	0.295	135	0.933	0.705	356	0.95
DYRK4	-1.51	6	-0.52	0.301	136	0.933	0.699	355	0.95
STKLD1	-1.48	6	-0.51	0.304	137	0.933	0.696	354	0.95
STK38	-1.44	6	-0.50	0.309	138	0.933	0.691	353	0.95
CAMKK2	-1.44	6	-0.50	0.309	139	0.933	0.691	352	0.95
AMHR2	-1.42	6	-0.49	0.312	140	0.933	0.688	351	0.95
INSRR	-1.37	6	-0.47	0.318	141	0.933	0.682	350	0.95
TEK	-1.34	6	-0.46	0.321	142	0.933	0.679	349	0.95
MINK1	-1.32	6	-0.46	0.324	143	0.933	0.676	348	0.95
PRKACA	-1.28	6	-0.44	0.329	144	0.933	0.671	347	0.948
MATK	-1.27	6	-0.44	0.329	145	0.933	0.671	346	0.948
PINK1	-1.27	6	-0.44	0.329	146	0.933	0.671	345	0.948
JAK1	-1.78	12	-0.44	0.331	147	0.933	0.669	344	0.948
CDC42BPA	-1.26	6	-0.44	0.331	148	0.933	0.669	343	0.948
NTRK3	-1.25	6	-0.44	0.332	149	0.933	0.668	342	0.948
MARK4	-1.25	6	-0.44	0.332	150	0.933	0.668	341	0.948
STK36	-1.22	6	-0.43	0.335	151	0.933	0.665	340	0.948
MAST1	-1.22	6	-0.42	0.336	152	0.933	0.664	339	0.948
TBK1	-1.21	6	-0.42	0.337	153	0.933	0.663	338	0.948
EPHA3	-1.20	6	-0.42	0.338	154	0.933	0.662	337	0.948
MLKL	-1.20	6	-0.42	0.338	155	0.933	0.662	336	0.948
GUCY2D	-1.19	6	-0.42	0.339	156	0.933	0.661	335	0.948
STK4	-1.19	6	-0.41	0.339	157	0.933	0.661	334	0.948
NEK11	-1.15	6	-0.40	0.344	158	0.933	0.656	333	0.948
MAP2K1	-1.14	6	-0.40	0.346	159	0.933	0.654	332	0.948
PRKCE	-1.14	6	-0.40	0.346	160	0.933	0.654	331	0.948
NEK2	-1.13	6	-0.39	0.346	161	0.933	0.654	330	0.948
ADCK2	-1.11	6	-0.39	0.35	162	0.933	0.65	329	0.948
CASK	-1.09	6	-0.38	0.351	163	0.933	0.649	328	0.948
TTBK1	-1.09	6	-0.38	0.352	164	0.933	0.648	327	0.948
CAMK2G	-1.09	6	-0.38	0.352	165	0.933	0.648	326	0.948
TYK2	-1.53	12	-0.38	0.353	166	0.933	0.647	325	0.948
BLK	-1.07	6	-0.37	0.354	167	0.933	0.646	324	0.948
SGK3	-1.05	6	-0.37	0.357	168	0.933	0.643	323	0.948
LATS1	-1.04	6	-0.36	0.358	169	0.933	0.642	322	0.948
NLK	-1.03	6	-0.36	0.36	170	0.933	0.64	321	0.948
RYK	-1.02	6	-0.36	0.36	171	0.933	0.64	320	0.948
CAMKV	-0.94	6	-0.33	0.37	172	0.933	0.63	319	0.948
LMTK3	-0.94	6	-0.33	0.37	173	0.933	0.63	318	0.948
NRBP2	-0.93	6	-0.33	0.372	174	0.933	0.628	317	0.948
DAPK3	-0.93	6	-0.33	0.372	175	0.933	0.628	316	0.948
BRSK1	-0.85	6	-0.30	0.383	176	0.933	0.617	315	0.948
PDIK1L	-0.83	6	-0.29	0.385	177	0.933	0.615	314	0.948
TEC	-0.80	6	-0.28	0.388	178	0.933	0.612	313	0.948
FASTK	-0.79	6	-0.28	0.39	179	0.933	0.61	312	0.948
MAP3K6	-0.78	6	-0.28	0.391	180	0.933	0.609	311	0.948
ULK1	-0.78	6	-0.28	0.391	181	0.933	0.609	310	0.948
SCYL2	-0.77	6	-0.27	0.392	182	0.933	0.608	309	0.948
TNIK	-0.74	6	-0.26	0.397	183	0.933	0.603	308	0.948
ACVR1C	-0.73	6	-0.26	0.398	184	0.933	0.602	307	0.948
MYLK4	-0.70	6	-0.25	0.401	185	0.933	0.599	306	0.948
CDK17	-0.70	6	-0.25	0.402	186	0.933	0.598	305	0.948
MAPK12	-0.68	6	-0.24	0.404	187	0.933	0.596	304	0.948
PDK3	-0.68	6	-0.24	0.405	188	0.933	0.595	303	0.948
CDKL5	-0.68	6	-0.24	0.405	189	0.933	0.595	302	0.948
RIPK4	-0.67	6	-0.24	0.406	190	0.933	0.594	301	0.948
TNK2	-0.63	6	-0.22	0.411	191	0.933	0.589	300	0.948
RET	-0.62	6	-0.22	0.412	192	0.933	0.588	299	0.948
PRKCD	-0.60	6	-0.22	0.414	193	0.933	0.586	298	0.948
CHUK	-0.57	6	-0.21	0.418	194	0.933	0.582	297	0.948
ZAP70	-0.57	6	-0.21	0.418	195	0.933	0.582	296	0.948
ANKK1	-0.57	6	-0.20	0.419	196	0.933	0.581	295	0.948
TAOK3	-0.54	6	-0.20	0.422	197	0.933	0.578	294	0.948
WEE2	-0.54	6	-0.19	0.423	198	0.933	0.577	293	0.948
PSKH1	-0.51	6	-0.18	0.427	199	0.933	0.573	292	0.948
MYO3A	-0.50	6	-0.18	0.428	200	0.933	0.572	291	0.948
TNK1	-0.49	6	-0.18	0.429	201	0.933	0.571	290	0.948
NEK7	-0.45	6	-0.17	0.434	202	0.933	0.566	289	0.948
AURKB	-0.45	6	-0.16	0.435	203	0.933	0.565	288	0.948
CSNK1G1	-0.45	6	-0.16	0.435	204	0.933	0.565	287	0.948
PAK1	-0.43	6	-0.16	0.437	205	0.933	0.563	286	0.948
MERTK	-0.42	6	-0.16	0.438	206	0.933	0.562	285	0.948
CDKL1	-0.41	6	-0.15	0.44	207	0.933	0.56	284	0.948
RPS6KL1	-0.40	6	-0.15	0.442	208	0.933	0.558	283	0.948
EPHA6	-0.36	6	-0.13	0.446	209	0.933	0.554	282	0.948
TAOK1	-0.35	6	-0.13	0.447	210	0.933	0.553	281	0.948
NPR2	-0.35	6	-0.13	0.448	211	0.933	0.552	280	0.948
ADCK4	-0.32	6	-0.12	0.451	212	0.933	0.549	279	0.948
SMG1	-0.30	6	-0.12	0.454	213	0.933	0.546	278	0.948
MAP3K7	-0.30	6	-0.12	0.454	214	0.933	0.546	277	0.948
CIT	-0.28	6	-0.11	0.457	215	0.933	0.543	276	0.948
SGK1	-0.28	6	-0.11	0.458	216	0.933	0.542	275	0.948
RIOK1	-0.26	6	-0.10	0.459	217	0.933	0.541	274	0.948
CDK13	-0.25	6	-0.10	0.461	218	0.933	0.539	273	0.948
HCK	-0.25	6	-0.10	0.461	219	0.933	0.539	272	0.948
EEF2K	-0.23	6	-0.09	0.463	220	0.933	0.537	271	0.948
LIMK1	-0.21	6	-0.08	0.466	221	0.933	0.534	270	0.948
Rosa26	-0.08	1	-0.08	0.468	222	0.933	0.532	269	0.948
UHMK1	-0.18	6	-0.08	0.47	223	0.933	0.53	268	0.948
DYRK1A	-0.18	6	-0.07	0.47	224	0.933	0.53	267	0.948
NEK3	-0.17	6	-0.07	0.471	225	0.933	0.529	266	0.948
DAPK1	-0.15	6	-0.06	0.475	226	0.933	0.525	265	0.948
AATK	-0.13	6	-0.06	0.477	227	0.933	0.523	264	0.948
SIK3	-0.12	6	-0.05	0.479	228	0.933	0.521	263	0.948
CLK4	-0.10	6	-0.05	0.481	229	0.933	0.519	262	0.948
WNK3	-0.09	6	-0.04	0.483	230	0.933	0.517	261	0.948
MAST2	-0.08	6	-0.04	0.484	231	0.933	0.516	260	0.948
KIT	-0.07	6	-0.04	0.486	232	0.933	0.514	259	0.948
DYRK1B	-0.05	6	-0.03	0.487	233	0.933	0.513	258	0.948
STK39	-0.05	6	-0.03	0.488	234	0.933	0.512	257	0.948
DAPK2	-0.03	6	-0.02	0.491	235	0.933	0.509	256	0.948
ITK	-0.02	6	-0.02	0.492	236	0.933	0.508	255	0.948
EPHA10	-0.02	6	-0.02	0.492	237	0.933	0.508	254	0.948
NEK9	-0.01	6	-0.02	0.493	238	0.933	0.507	253	0.948
AAK1	-0.01	6	-0.02	0.494	239	0.933	0.506	252	0.948
ROCK1	0.01	6	-0.01	0.495	240	0.933	0.505	251	0.948
GUCY2F	0.02	6	-0.01	0.498	241	0.933	0.502	250	0.948
EIF2AK1	0.06	6	0.01	0.503	242	0.933	0.497	249	0.948
EIF2AK4	0.09	12	0.01	0.503	243	0.933	0.497	248	0.948
MOK	0.07	6	0.01	0.504	244	0.933	0.496	247	0.948
CDK14	0.07	6	0.01	0.505	245	0.933	0.495	246	0.948
PRKCZ	0.08	6	0.01	0.505	246	0.933	0.495	245	0.948
CAMK2B	0.08	6	0.02	0.506	247	0.933	0.494	244	0.948
RPS6KA4	0.12	12	0.02	0.507	248	0.933	0.493	243	0.948
CDK4	0.11	6	0.02	0.509	249	0.933	0.491	242	0.948
AK3	0.12	6	0.03	0.511	250	0.933	0.489	241	0.948
JAK3	0.20	12	0.03	0.513	251	0.933	0.487	240	0.948
ADRBK2	0.15	6	0.04	0.515	252	0.933	0.485	239	0.948
EPHB2	0.16	6	0.04	0.516	253	0.933	0.484	238	0.948
DYRK3	0.16	6	0.04	0.517	254	0.933	0.483	237	0.948
TRIB2	0.17	6	0.04	0.517	255	0.933	0.483	236	0.948
CLK1	0.17	6	0.04	0.517	256	0.933	0.483	235	0.948
MKNK2	0.19	6	0.05	0.52	257	0.933	0.48	234	0.948
MAP3K9	0.19	6	0.05	0.52	258	0.933	0.48	233	0.948
DDR1	0.21	6	0.06	0.523	259	0.933	0.477	232	0.948
TESK2	0.21	6	0.06	0.524	260	0.933	0.476	231	0.948
PRKAA2	0.23	6	0.06	0.526	261	0.933	0.474	230	0.948
ACVR1	0.24	6	0.07	0.527	262	0.933	0.473	229	0.948
PTK7	0.27	6	0.08	0.531	263	0.933	0.469	228	0.948
FGR	0.28	6	0.08	0.532	264	0.933	0.468	227	0.948
TESK1	0.30	6	0.09	0.534	265	0.933	0.466	226	0.948
STYK1	0.30	6	0.09	0.536	266	0.933	0.464	225	0.948
RPS6KA5	0.44	12	0.09	0.536	267	0.933	0.464	224	0.948
NEK8	0.34	6	0.10	0.54	268	0.933	0.46	223	0.948
FER	0.35	6	0.11	0.542	269	0.933	0.458	222	0.948
ERN1	0.36	6	0.11	0.543	270	0.933	0.457	221	0.948
RPS6KA1	0.52	12	0.11	0.544	271	0.933	0.456	220	0.948
ADCK3	0.37	6	0.11	0.544	272	0.933	0.456	219	0.948
CDK16	0.37	6	0.11	0.544	273	0.933	0.456	218	0.948
MAP3K4	0.38	6	0.11	0.546	274	0.933	0.454	217	0.948
PRKD1	0.38	6	0.11	0.546	275	0.933	0.454	216	0.948
AK1	0.39	6	0.12	0.547	276	0.933	0.453	215	0.948
PDK1	0.33	4	0.12	0.55	277	0.933	0.45	214	0.948
BCR	0.41	6	0.13	0.55	278	0.933	0.45	213	0.948
PRKAA1	0.41	6	0.13	0.55	279	0.933	0.45	212	0.948
ERBB3	0.42	6	0.13	0.551	280	0.933	0.449	211	0.948
ULK4	0.45	6	0.14	0.554	281	0.933	0.446	210	0.948
MAPK14	0.49	6	0.15	0.56	282	0.933	0.44	209	0.948
FYN	0.49	6	0.15	0.561	283	0.933	0.439	208	0.948
BRSK2	0.50	6	0.16	0.562	284	0.933	0.438	207	0.948
CDKL2	0.50	6	0.16	0.562	285	0.933	0.438	206	0.948
EIF2AK2	0.51	6	0.16	0.563	286	0.933	0.437	205	0.948
ROR2	0.51	6	0.16	0.563	287	0.933	0.437	204	0.948
PTK6	0.51	6	0.16	0.564	288	0.933	0.436	203	0.948
ALK	0.53	6	0.16	0.565	289	0.933	0.435	202	0.948
SRMS	0.55	6	0.17	0.569	290	0.933	0.431	201	0.948
TXK	0.56	6	0.18	0.57	291	0.933	0.43	200	0.948
INSR	0.58	6	0.18	0.573	292	0.933	0.427	199	0.948
CSNK1G2	0.60	6	0.19	0.575	293	0.933	0.425	198	0.948
PRKCI	0.62	6	0.19	0.577	294	0.933	0.423	197	0.948
NEK5	0.62	6	0.20	0.577	295	0.933	0.423	196	0.948
PAK6	0.63	6	0.20	0.579	296	0.933	0.421	195	0.948
ADRBK1	0.64	6	0.20	0.58	297	0.933	0.42	194	0.948
KIAA1804	0.65	6	0.20	0.581	298	0.933	0.419	193	0.948
NUAK1	0.66	6	0.21	0.582	299	0.933	0.418	192	0.948
MAPK13	0.68	6	0.21	0.585	300	0.933	0.415	191	0.948
CDK3	0.68	6	0.22	0.586	301	0.933	0.414	190	0.948
CAMKK1	0.70	6	0.22	0.588	302	0.933	0.412	189	0.948
MAPK6	0.70	6	0.22	0.588	303	0.933	0.412	188	0.948
FLT1	0.71	6	0.22	0.589	304	0.933	0.411	187	0.948
IRAK4	0.71	6	0.23	0.589	305	0.933	0.411	186	0.948
LCK	0.71	6	0.23	0.59	306	0.933	0.41	185	0.948
STK16	0.71	6	0.23	0.59	307	0.933	0.41	184	0.948
WNK4	0.74	6	0.24	0.593	308	0.933	0.407	183	0.948
SGK494	0.75	6	0.24	0.594	309	0.933	0.406	182	0.948
BMP2K	0.76	6	0.24	0.596	310	0.933	0.404	181	0.948
NEK10	0.79	6	0.25	0.6	311	0.933	0.4	180	0.948
SBK3	0.80	6	0.26	0.602	312	0.933	0.398	179	0.948
MAP2K4	0.82	6	0.26	0.603	313	0.933	0.397	178	0.948
CSNK1E	0.82	6	0.26	0.604	314	0.933	0.396	177	0.948
NTRK2	0.82	6	0.26	0.604	315	0.933	0.396	176	0.948
DCLK2	0.83	6	0.27	0.605	316	0.933	0.395	175	0.948
PLK2	0.85	6	0.27	0.607	317	0.933	0.393	174	0.948
PRKX	0.88	6	0.28	0.611	318	0.933	0.389	173	0.948
MAP4K4	0.91	6	0.29	0.615	319	0.933	0.385	172	0.948
ADCK1	0.92	6	0.30	0.616	320	0.933	0.384	171	0.948
EPHA4	0.92	6	0.30	0.617	321	0.933	0.383	170	0.948
MAP2K7	0.93	6	0.30	0.618	322	0.933	0.382	169	0.948
MKNK1	0.96	6	0.31	0.622	323	0.933	0.378	168	0.948
MAPK10	0.97	6	0.31	0.622	324	0.933	0.378	167	0.948
MET	0.97	6	0.31	0.623	325	0.933	0.377	166	0.948
SIK1	0.97	6	0.31	0.623	326	0.933	0.377	165	0.948
NEK4	0.97	6	0.31	0.623	327	0.933	0.377	164	0.948
TSSK3	1.01	6	0.33	0.628	328	0.938	0.372	163	0.948
TNNI3K	1.10	6	0.36	0.639	329	0.941	0.361	162	0.948
ROS1	1.12	6	0.36	0.642	330	0.941	0.358	161	0.948
NEK6	1.12	6	0.36	0.642	331	0.941	0.358	160	0.948
FLT4	1.12	6	0.36	0.642	332	0.941	0.358	159	0.948
MAP3K14	1.16	6	0.38	0.647	333	0.941	0.353	158	0.948
KSR1	1.16	6	0.38	0.647	334	0.941	0.353	157	0.948
MAPK8	1.17	6	0.38	0.648	335	0.941	0.352	156	0.948
RIPK3	1.18	6	0.39	0.65	336	0.941	0.35	155	0.948
MAP4K3	1.18	6	0.39	0.65	337	0.941	0.35	154	0.948
DDR2	1.19	6	0.39	0.651	338	0.941	0.349	153	0.948
ULK2	1.20	6	0.39	0.652	339	0.941	0.348	152	0.948
CSNK2A2	1.22	6	0.40	0.654	340	0.941	0.346	151	0.948
TRPM6	1.23	6	0.40	0.655	341	0.941	0.345	150	0.948
FES	1.25	6	0.41	0.659	342	0.941	0.341	149	0.948
NPR1	1.27	6	0.41	0.66	343	0.941	0.34	148	0.948
CDKL3	1.27	6	0.41	0.661	344	0.941	0.339	147	0.948
MST1R	1.29	6	0.42	0.663	345	0.941	0.337	146	0.948
EIF2AK3	1.31	6	0.43	0.665	346	0.941	0.335	145	0.948
CAMK2A	1.34	6	0.44	0.669	347	0.941	0.331	144	0.948
CDK12	1.35	6	0.44	0.671	348	0.941	0.329	143	0.948
PCNA	1.11	4	0.45	0.672	349	0.941	0.328	142	0.948
CDK11B	1.36	6	0.45	0.672	350	0.941	0.328	141	0.948
TTN	1.38	6	0.45	0.674	351	0.941	0.326	140	0.948
VRK1	1.40	6	0.46	0.676	352	0.941	0.324	139	0.948
STK32C	1.42	6	0.46	0.679	353	0.942	0.321	138	0.948
VRK2	1.47	6	0.48	0.685	354	0.944	0.315	137	0.948
IRAK1	1.48	6	0.49	0.686	355	0.944	0.314	136	0.948
MAK	1.48	6	0.49	0.686	356	0.944	0.314	135	0.948
OXSR1	1.50	6	0.49	0.688	357	0.944	0.312	134	0.948
DYRK2	1.52	6	0.50	0.691	358	0.944	0.309	133	0.948
POMK	1.25	4	0.50	0.693	359	0.944	0.307	132	0.948
PRKG1	1.54	6	0.51	0.694	360	0.944	0.306	131	0.948
IRAK3	1.56	6	0.51	0.696	361	0.944	0.304	130	0.948
PRKACG	1.57	6	0.52	0.697	362	0.944	0.303	129	0.948
ACVR1B	1.60	6	0.52	0.7	363	0.944	0.3	128	0.948
RIOK3	1.61	6	0.53	0.701	364	0.944	0.299	127	0.948
DMPK	1.64	6	0.54	0.706	365	0.944	0.294	126	0.948
PDGFRB	1.67	6	0.55	0.708	366	0.944	0.292	125	0.948
MAP2K6	1.68	6	0.55	0.71	367	0.944	0.29	124	0.948
SIK2	1.69	6	0.56	0.711	368	0.944	0.289	123	0.948
AURKA	1.56	5	0.56	0.713	369	0.944	0.287	122	0.948
TSSK2	1.75	6	0.58	0.717	370	0.944	0.283	121	0.948
MAP3K10	1.78	6	0.59	0.722	371	0.944	0.278	120	0.948
BMPR2	1.79	6	0.59	0.722	372	0.944	0.278	119	0.948
STK19	1.84	6	0.61	0.728	373	0.944	0.272	118	0.948
FGFR4	1.85	6	0.61	0.729	374	0.944	0.271	117	0.948
CSNK1A1	1.87	6	0.62	0.731	375	0.944	0.269	116	0.948
CLK3	1.90	6	0.63	0.735	376	0.944	0.265	115	0.948
AKT1	1.90	6	0.63	0.735	377	0.944	0.265	114	0.948
ROCK2	1.94	6	0.64	0.739	378	0.944	0.261	113	0.948
CAMK2D	1.95	6	0.64	0.74	379	0.944	0.26	112	0.948
HIPK4	1.97	6	0.65	0.742	380	0.944	0.258	111	0.948
HIPK1	1.97	6	0.65	0.742	381	0.944	0.258	110	0.948
PKN2	1.97	6	0.65	0.743	382	0.944	0.257	109	0.948
LATS2	2.00	6	0.66	0.746	383	0.944	0.254	108	0.948
CSNK2A1	1.85	5	0.67	0.749	384	0.944	0.251	107	0.948
MTOR	2.03	6	0.67	0.749	385	0.944	0.251	106	0.948
LTK	2.04	6	0.67	0.749	386	0.944	0.251	105	0.948
PIM3	2.04	6	0.67	0.749	387	0.944	0.251	104	0.948
KDR	2.04	6	0.67	0.75	388	0.944	0.25	103	0.948
CDKL4	2.07	6	0.68	0.753	389	0.944	0.247	102	0.948
PRKCG	2.07	6	0.69	0.754	390	0.944	0.246	101	0.948
YES1	2.08	6	0.69	0.754	391	0.944	0.246	100	0.948
TSSK6	2.11	6	0.70	0.758	392	0.944	0.242	99	0.948
TBCK	2.13	6	0.70	0.759	393	0.944	0.241	98	0.948
HIPK3	1.95	5	0.70	0.76	394	0.944	0.24	97	0.948
CDK15	2.15	6	0.71	0.761	395	0.944	0.239	96	0.948
RIPK1	2.18	6	0.72	0.765	396	0.944	0.235	95	0.948
ABL1	2.20	6	0.73	0.767	397	0.944	0.233	94	0.948
TRIO	2.23	6	0.74	0.77	398	0.944	0.23	93	0.948
DCLK1	2.24	6	0.74	0.77	399	0.944	0.23	92	0.948
BMPR1A	2.26	6	0.75	0.772	400	0.944	0.228	91	0.948
SCYL1	2.27	6	0.75	0.774	401	0.944	0.226	90	0.948
STK3	2.29	6	0.76	0.776	402	0.944	0.224	89	0.948
GSK3B	2.30	6	0.76	0.777	403	0.944	0.223	88	0.948
ROR1	2.37	6	0.79	0.784	404	0.944	0.216	87	0.948
CDK20	2.38	6	0.79	0.785	405	0.944	0.215	86	0.948
EPHB1	2.43	6	0.80	0.789	406	0.944	0.211	85	0.948
TYRO3	2.44	6	0.81	0.791	407	0.944	0.209	84	0.948
MAP3K13	2.47	6	0.82	0.793	408	0.944	0.207	83	0.948
TRIB1	2.48	6	0.82	0.795	409	0.944	0.205	82	0.948
RPS6KA6	3.52	12	0.83	0.796	410	0.944	0.204	81	0.948
ABL2	2.50	6	0.83	0.796	411	0.944	0.204	80	0.948
CDK9	3.23	10	0.83	0.796	412	0.944	0.204	79	0.948
GSG2	2.51	6	0.83	0.797	413	0.944	0.203	78	0.948
LRRK1	2.53	6	0.84	0.799	414	0.944	0.201	77	0.948
ERBB4	2.53	6	0.84	0.8	415	0.944	0.2	76	0.948
MARK2	2.55	6	0.85	0.802	416	0.944	0.198	75	0.948
EGFR	2.59	6	0.86	0.805	417	0.946	0.195	74	0.948
STK33	2.63	6	0.87	0.809	418	0.946	0.191	73	0.948
MAST3	2.64	6	0.88	0.809	419	0.946	0.191	72	0.948
TSSK4	2.66	6	0.88	0.811	420	0.947	0.189	71	0.948
HUNK	2.69	6	0.89	0.814	421	0.948	0.186	70	0.948
CDC42BPB	2.77	6	0.92	0.821	422	0.951	0.179	69	0.948
CAMK1G	2.81	6	0.93	0.825	423	0.951	0.175	68	0.948
MAPK9	2.84	6	0.94	0.827	424	0.951	0.173	67	0.948
MAPK7	2.85	6	0.95	0.829	425	0.951	0.171	66	0.948
MUSK	2.88	6	0.96	0.831	426	0.951	0.169	65	0.948
PRKY	2.63	5	0.96	0.831	427	0.951	0.169	64	0.948
CSF1R	2.88	6	0.96	0.831	428	0.951	0.169	63	0.948
CDC42BPG	2.96	6	0.98	0.837	429	0.955	0.163	62	0.948
PKMYT1	2.71	5	0.99	0.838	430	0.955	0.162	61	0.948
TRRAP	3.09	6	1.03	0.848	431	0.96	0.152	60	0.948
MAP3K11	3.14	6	1.04	0.852	432	0.96	0.148	59	0.948
PDK4	3.16	6	1.05	0.853	433	0.96	0.147	58	0.948
MAP3K12	3.16	6	1.05	0.854	434	0.96	0.146	57	0.948
AK2	3.19	6	1.06	0.856	435	0.96	0.144	56	0.948
MAPK11	3.21	6	1.07	0.858	436	0.96	0.142	55	0.948
BUB1	3.22	6	1.07	0.858	437	0.96	0.142	54	0.948
ADCK5	3.22	6	1.07	0.858	438	0.96	0.142	53	0.948
STK31	3.27	6	1.09	0.862	439	0.962	0.138	52	0.948
STK17A	3.30	6	1.10	0.864	440	0.962	0.136	51	0.948
NEK1	3.39	6	1.13	0.871	441	0.966	0.129	50	0.948
ACVR2A	3.43	6	1.14	0.873	442	0.966	0.127	49	0.948
STK32A	3.43	6	1.14	0.874	443	0.966	0.126	48	0.948
BUB1B	3.48	6	1.16	0.877	444	0.968	0.123	47	0.948
KSR2	3.61	6	1.20	0.886	445	0.974	0.114	46	0.948
STRADA	3.62	6	1.21	0.886	446	0.974	0.114	45	0.948
NRBP1	3.68	6	1.23	0.89	447	0.976	0.11	44	0.948
SLK	3.75	6	1.25	0.895	448	0.978	0.105	43	0.948
GRK6	3.81	6	1.27	0.898	449	0.98	0.102	42	0.948
CDK5	3.89	6	1.30	0.903	450	0.982	0.097	41	0.948
STK25	3.90	6	1.30	0.904	451	0.982	0.0964	40	0.948
ATM	3.97	6	1.33	0.908	452	0.984	0.0924	39	0.948
PHKG2	4.01	6	1.34	0.909	453	0.984	0.0905	38	0.948
RPL23A	2.86	3	1.35	0.912	454	0.984	0.0883	37	0.948
MAP3K5	4.19	6	1.40	0.919	455	0.988	0.0808	36	0.948
PRKCQ	4.21	6	1.41	0.92	456	0.988	0.0799	35	0.948
CDK10	4.26	6	1.42	0.922	457	0.988	0.0775	34	0.948
RPS6KB1	4.28	6	1.43	0.923	458	0.988	0.0766	33	0.948
STK24	4.41	6	1.47	0.93	459	0.99	0.0705	32	0.948
PKN1	4.46	6	1.49	0.932	460	0.99	0.0684	31	0.948
STK40	4.46	6	1.49	0.932	461	0.99	0.0682	30	0.948
EPHA7	4.65	6	1.55	0.94	462	0.994	0.0601	29	0.948
PIK3R4	4.76	6	1.59	0.944	463	0.994	0.056	28	0.948
TLK2	4.38	5	1.60	0.945	464	0.994	0.0545	27	0.948
MARK1	4.80	6	1.61	0.946	465	0.994	0.0542	26	0.948
BTK	4.85	6	1.62	0.947	466	0.994	0.0527	25	0.948
EPHA1	4.86	6	1.62	0.948	467	0.994	0.0522	24	0.948
STK17B	4.90	6	1.64	0.949	468	0.994	0.0508	23	0.948
CDK11A	5.04	6	1.69	0.954	469	0.996	0.0459	22	0.948
CDK7	5.09	6	1.70	0.956	470	0.996	0.0445	21	0.948
PDPK1	4.73	5	1.73	0.958	471	0.996	0.0416	20	0.948
RNASEL	5.25	6	1.76	0.96	472	0.996	0.0395	19	0.948
LRRK2	5.36	6	1.79	0.964	473	0.996	0.0364	18	0.948
PAK4	5.37	6	1.80	0.964	474	0.996	0.0362	17	0.948
TTK	5.43	6	1.82	0.965	475	0.996	0.0347	16	0.948
CSNK1D	5.55	6	1.86	0.968	476	0.997	0.0316	15	0.948
BRAF	5.65	6	1.89	0.971	477	0.997	0.0292	14	0.948
CHEK1	5.85	6	1.96	0.975	478	0.999	0.025	13	0.943
CSNK1G3	6.25	6	2.09	0.982	479	1	0.0182	12	0.743
WNK2	6.33	6	2.12	0.983	480	1	0.0171	11	0.743
WNK1	6.59	6	2.21	0.986	481	1	0.0137	10	0.669
TAOK2	7.12	6	2.39	0.992	482	1	0.00849	9	0.462
GAK	7.52	6	2.52	0.994	483	1	0.00586	8	0.359
STK11	9.03	6	3.03	0.999	484	1	0.00122	7	0.0857
POLR2A	11.00	8	3.20	0.999	485	1	0.000695	6	0.0568
WEE1	9.56	6	3.21	0.999	486	1	0.000666	5	0.0568
ATR	10.22	6	3.43	1	487	1	0.0003	4	0.0367
RPL9	8.43	4	3.47	1	488	1	0.000265	3	0.0367
POLR2D	6.76	2	3.93	1	489	1	4.24e-05	2	0.0104
CDC7	12.35	6	4.15	1	490	1	1.68e-05	1	0.00824
