id	num	neg|score	neg|p-value	neg|fdr	neg|rank	neg|goodsgrna	neg|lfc	pos|score	pos|p-value	pos|fdr	pos|rank	pos|goodsgrna	pos|lfc
RAF1	6	6.3959e-06	1.486e-05	0.007282	1	6	-0.6141	0.99999	1.0	0.999995	490	0	-0.6141
MASTL	11	1.8131e-05	6.4395e-05	0.015777	2	6	-0.51813	0.049446	0.1571	0.976997	68	2	-0.51813
NUAK2	6	0.00017312	0.0009362	0.114684	3	6	-0.66287	0.99983	0.99981	0.999995	489	0	-0.66287
PKMYT1	5	0.0001961	0.00090648	0.114684	4	2	1.3941	0.013861	0.044665	0.754687	27	3	1.3941
AURKB	5	0.0004501	0.0022736	0.213188	5	3	-0.65837	0.085337	0.186	0.976997	90	2	-0.65837
RPA3	4	0.00065882	0.0026105	0.213188	6	1	0.17687	0.52959	0.55238	0.98587	303	1	0.17687
PRPF4B	6	0.00070123	0.0031058	0.217406	7	5	-1.0364	0.99079	0.99093	0.999995	485	0	-1.0364
FRK	6	0.0012911	0.0055132	0.337682	8	5	-0.7246	0.90406	0.90309	0.995571	441	0	-0.7246
BMPR1B	6	0.0020239	0.0085843	0.467368	9	5	-0.52825	0.96344	0.96366	0.999995	464	0	-0.52825
STK35	6	0.0026044	0.010962	0.509047	10	4	-0.45266	0.78859	0.79223	0.98587	387	1	-0.45266
SNRK	6	0.0027639	0.011428	0.509047	11	3	-0.36992	0.87167	0.87138	0.995571	427	0	-0.36992
LMTK2	6	0.0044769	0.017629	0.704057	12	3	-0.46017	0.73753	0.75323	0.98587	360	1	-0.46017
PRKDC	6	0.0049322	0.018887	0.704057	13	3	-0.50012	0.09782	0.20941	0.976997	103	2	-0.50012
CDK1	5	0.0057528	0.020116	0.704057	14	3	-0.46858	0.075305	0.16748	0.976997	84	2	-0.46858
PSKH2	6	0.0078157	0.027308	0.892071	15	2	-0.093744	0.96773	0.96765	0.999995	470	0	-0.093744
ATR	6	0.0088633	0.030231	0.895752	16	1	0.78169	0.012052	0.039613	0.754675	25	2	0.78169
ARAF	6	0.0093626	0.031499	0.895752	17	3	-0.35446	0.45797	0.59861	0.98587	279	1	-0.35446
MTOR	6	0.010824	0.035412	0.895752	18	1	-0.018392	0.048927	0.12913	0.944392	67	2	-0.018392
FGFR1	6	0.011038	0.036036	0.895752	19	4	-0.61016	0.84116	0.84013	0.990029	415	0	-0.61016
PDGFRA	6	0.01126	0.036561	0.895752	20	4	-0.37778	0.15927	0.30655	0.98587	148	2	-0.37778
MAP3K3	6	0.014786	0.046746	0.982376	21	4	-0.43207	0.99361	0.99368	0.999995	486	0	-0.43207
PASK	6	0.015995	0.050114	0.982376	22	3	-0.26686	0.27214	0.42123	0.98587	199	1	-0.26686
TSSK1B	6	0.016212	0.050609	0.982376	23	3	-0.24158	0.85473	0.85397	0.993438	419	0	-0.24158
DSTYK	6	0.017331	0.05371	0.982376	24	4	-0.51239	0.98195	0.98159	0.999995	478	0	-0.51239
SRPK3	6	0.018472	0.056851	0.982376	25	4	-0.36919	0.96492	0.96521	0.999995	465	0	-0.36919
ERBB2	6	0.018635	0.057187	0.982376	26	1	0.046115	0.2385	0.39106	0.98587	181	2	0.046115
CLK2	6	0.018972	0.058168	0.982376	27	3	-0.41303	0.35445	0.49742	0.98587	239	1	-0.41303
GRK4	6	0.020579	0.062775	0.982376	28	2	0.021695	0.81523	0.81481	0.98587	403	1	0.021695
PIM1	6	0.020822	0.063409	0.982376	29	4	-0.41569	0.98336	0.98317	0.999995	479	0	-0.41569
MAST4	6	0.020939	0.063706	0.982376	30	4	-0.48512	0.68043	0.71647	0.98587	343	1	-0.48512
MLKL	6	0.021043	0.063964	0.982376	31	3	-0.33443	0.77182	0.7786	0.98587	376	1	-0.33443
TRIB3	6	0.022376	0.06756	0.982376	32	4	-0.44912	0.75761	0.76755	0.98587	371	1	-0.44912
IRAK2	6	0.02252	0.068016	0.982376	33	2	-0.12611	0.38933	0.53144	0.98587	250	1	-0.12611
PRKG2	6	0.022869	0.069046	0.982376	34	4	-0.38388	0.90545	0.90448	0.995571	442	0	-0.38388
PIM2	6	0.024459	0.073147	0.982376	35	2	-0.18947	0.89831	0.89758	0.995571	437	0	-0.18947
MAP3K2	6	0.025574	0.076298	0.982376	36	3	-0.38216	0.8621	0.86166	0.993438	425	0	-0.38216
LIMK2	6	0.028138	0.083104	0.982376	37	3	-0.46611	0.46743	0.60796	0.98587	283	2	-0.46611
NPR2	6	0.030254	0.088533	0.982376	38	2	-0.21094	0.11022	0.22976	0.976997	108	1	-0.21094
PTK2	6	0.030299	0.088612	0.982376	39	2	-0.31872	0.94961	0.94922	0.999995	459	0	-0.31872
RPS6KA2	12	0.03175	0.11526	0.982376	40	4	-0.14547	0.43757	0.67229	0.98587	271	3	-0.14547
NLK	6	0.034101	0.098024	0.982376	41	1	-0.12251	0.80935	0.80943	0.98587	400	1	-0.12251
STK38	6	0.034298	0.098519	0.982376	42	3	-0.39794	0.39195	0.53404	0.98587	252	1	-0.39794
PRKCD	6	0.03602	0.10129	0.982376	43	1	0.076826	0.46899	0.6093	0.98587	284	2	0.076826
PRKCE	6	0.037221	0.10333	0.982376	44	3	-0.39458	0.66958	0.7102	0.98587	339	1	-0.39458
STKLD1	6	0.043665	0.11517	0.982376	45	2	0.091331	0.17757	0.3351	0.98587	160	2	0.091331
CAMKK2	6	0.043815	0.11539	0.982376	46	3	-0.30718	0.74648	0.75952	0.98587	365	1	-0.30718
LATS1	6	0.04419	0.11614	0.982376	47	3	-0.19406	0.90926	0.90807	0.995571	445	0	-0.19406
PRKCB	6	0.045186	0.11797	0.982376	48	3	-0.19607	0.2827	0.43093	0.98587	202	1	-0.19607
PLK4	6	0.046051	0.11971	0.982376	49	3	-0.65527	0.80584	0.80638	0.98587	398	1	-0.65527
MYO3B	6	0.04632	0.12022	0.982376	50	3	-0.34445	0.98456	0.9844	0.999995	480	0	-0.34445
OBSCN	12	0.046495	0.15719	0.982376	51	6	-0.28625	0.23345	0.47056	0.98587	178	2	-0.28625
SPEG	12	0.049686	0.16407	0.982376	52	5	-0.29102	0.39257	0.64029	0.98587	253	1	-0.29102
CAMK2G	6	0.049881	0.12678	0.982376	53	3	-0.32233	0.82792	0.82754	0.9866	411	1	-0.32233
AK1	6	0.050842	0.12828	0.982376	54	2	0.20955	0.3517	0.49505	0.98587	236	2	0.20955
CLK4	6	0.051258	0.1291	0.982376	55	2	0.0026654	0.22139	0.37438	0.98587	173	2	0.0026654
SRC	6	0.053051	0.13208	0.982376	56	3	-0.3402	0.86133	0.86083	0.993438	424	0	-0.3402
MAPKAPK5	6	0.053149	0.13223	0.982376	57	2	0.024714	0.91499	0.91354	0.995571	449	0	0.024714
MAP3K8	6	0.055036	0.13499	0.982376	58	1	0.26175	0.10693	0.22418	0.976997	107	3	0.26175
SGK1	6	0.055256	0.13538	0.982376	59	2	-0.069237	0.75882	0.76853	0.98587	373	1	-0.069237
VRK3	6	0.055706	0.13617	0.982376	60	3	-0.077646	0.79971	0.80106	0.98587	394	1	-0.077646
TEK	6	0.056921	0.13822	0.982376	61	1	0.039883	0.85903	0.85832	0.993438	422	0	0.039883
WEE1	5	0.057132	0.13235	0.982376	62	1	0.82193	0.021131	0.062062	0.841315	37	2	0.82193
SBK1	6	0.05828	0.14044	0.982376	63	2	-0.26388	0.97596	0.97562	0.999995	473	0	-0.26388
PDK2	6	0.058802	0.14142	0.982376	64	1	-0.21395	0.36932	0.51176	0.98587	244	2	-0.21395
TGFBR2	6	0.059979	0.14356	0.982376	65	3	-0.32699	0.54213	0.64533	0.98587	305	1	-0.32699
MYO3A	6	0.06068	0.14484	0.982376	66	2	0.2206	0.31361	0.46001	0.98587	218	2	0.2206
CAMK1	6	0.061231	0.14572	0.982376	67	3	-0.1616	0.40745	0.54872	0.98587	259	1	-0.1616
JAK2	12	0.06176	0.18941	0.982376	68	4	0.0078829	0.2241	0.45986	0.98587	174	4	0.0078829
SMG1	6	0.061863	0.14687	0.982376	69	3	-0.010842	0.12624	0.25477	0.976997	124	3	-0.010842
MAPK7	6	0.062407	0.14768	0.982376	70	2	0.30411	0.039317	0.11082	0.930846	58	4	0.30411
NTRK1	6	0.062498	0.14781	0.982376	71	3	-0.34889	0.19126	0.34749	0.98587	163	1	-0.34889
MAP4K4	6	0.062555	0.14785	0.982376	72	2	0.22571	0.092132	0.20028	0.976997	96	2	0.22571
TLK1	6	0.063983	0.15028	0.982376	73	3	-0.16097	0.70195	0.72974	0.98587	346	1	-0.16097
MAP2K2	6	0.065574	0.15307	0.982376	74	2	-0.39743	0.32935	0.47445	0.98587	226	1	-0.39743
EPHA6	6	0.066295	0.15437	0.982376	75	3	-0.23343	0.53695	0.64297	0.98587	304	1	-0.23343
HIPK2	6	0.068037	0.15728	0.982376	76	3	-0.31587	0.12479	0.25235	0.976997	123	2	-0.31587
ZAK	6	0.069888	0.16039	0.982376	77	2	-0.19501	0.96646	0.9666	0.999995	468	0	-0.19501
PLK1	6	0.071882	0.16386	0.982376	78	1	0.40147	0.10121	0.21489	0.976997	105	1	0.40147
SYK	6	0.073739	0.16709	0.982376	79	1	0.17134	0.73296	0.75018	0.98587	359	1	0.17134
PHKG1	6	0.073747	0.1671	0.982376	80	2	-0.21539	0.93778	0.93683	0.999995	457	0	-0.21539
NEK5	6	0.077354	0.17324	0.982376	81	3	-0.13037	0.28933	0.4365	0.98587	206	2	-0.13037
MOS	6	0.077442	0.17338	0.982376	82	1	0.046145	0.35233	0.49561	0.98587	237	2	0.046145
IKBKE	6	0.078251	0.17477	0.982376	83	2	0.19401	0.11421	0.23604	0.976997	113	3	0.19401
EPHB3	6	0.079392	0.17669	0.982376	84	2	-0.024775	0.35308	0.49622	0.98587	238	1	-0.024775
MAP2K5	6	0.082271	0.18165	0.982376	85	3	-0.35632	0.99813	0.99806	0.999995	488	0	-0.35632
MAP3K4	6	0.084811	0.18592	0.982376	86	1	0.25237	0.16085	0.30908	0.98587	149	2	0.25237
MAPKAPK2	6	0.086543	0.1888	0.982376	87	3	-0.2697	0.96528	0.9656	0.999995	466	0	-0.2697
BUB1B	6	0.088478	0.19171	0.982376	88	1	0.38194	0.031477	0.091822	0.930846	45	3	0.38194
PINK1	6	0.095367	0.20315	0.982376	89	2	0.029849	0.51031	0.63153	0.98587	299	1	0.029849
AMHR2	6	0.095469	0.20333	0.982376	90	3	-0.15088	0.25108	0.4025	0.98587	188	2	-0.15088
NEK2	6	0.096666	0.20544	0.982376	91	3	-0.068889	0.89259	0.8921	0.995571	435	0	-0.068889
AKT3	6	0.10112	0.21272	0.982376	92	3	-0.26432	0.98838	0.98848	0.999995	483	0	-0.26432
CDK6	6	0.10121	0.21289	0.982376	93	2	-0.13663	0.78967	0.79305	0.98587	388	1	-0.13663
GRK5	6	0.10216	0.21435	0.982376	94	2	-0.24026	0.66084	0.70532	0.98587	335	1	-0.24026
OXSR1	6	0.10778	0.22392	0.982376	95	3	-0.24757	0.39514	0.53725	0.98587	255	2	-0.24757
DYRK3	6	0.10842	0.22488	0.982376	96	2	0.33044	0.056921	0.14187	0.976997	72	3	0.33044
MAPK13	6	0.10975	0.22723	0.982376	97	3	-0.44307	0.89042	0.8898	0.995571	434	0	-0.44307
STK38L	6	0.1099	0.22755	0.982376	98	3	-0.21378	0.90064	0.89969	0.995571	438	0	-0.21378
POLR2D	1	0.11021	0.11102	0.982376	99	1	-1.0105	0.88979	0.89084	0.995571	433	0	-1.0105
AXL	6	0.11022	0.22807	0.982376	100	2	-0.35184	0.58756	0.66683	0.98587	317	1	-0.35184
TTBK2	6	0.11201	0.2309	0.982376	101	2	-0.25783	0.9952	0.99505	0.999995	487	0	-0.25783
ULK3	6	0.11204	0.23096	0.982376	102	3	-0.51203	0.041758	0.11593	0.939284	60	1	-0.51203
NEK11	6	0.11334	0.23309	0.982376	103	3	-0.10539	0.42239	0.56359	0.98587	266	2	-0.10539
PKN3	6	0.11552	0.23668	0.982376	104	3	-0.27751	0.9071	0.90622	0.995571	444	0	-0.27751
TEC	6	0.11559	0.23679	0.982376	105	1	0.086095	0.89443	0.89374	0.995571	436	0	0.086095
CLK1	6	0.11639	0.23805	0.982376	106	3	0.061603	0.11168	0.23206	0.976997	109	3	0.061603
MELK	6	0.11687	0.23877	0.982376	107	2	-0.18716	0.90655	0.90562	0.995571	443	0	-0.18716
PNCK	6	0.11727	0.23941	0.982376	108	3	-0.25664	0.97413	0.97392	0.999995	472	0	-0.25664
MARK3	6	0.11737	0.23959	0.982376	109	2	-0.21812	0.96784	0.96773	0.999995	471	0	-0.21812
MAP3K12	6	0.11915	0.24219	0.982376	110	1	0.67417	0.0095013	0.032569	0.725397	22	4	0.67417
MAPK1	6	0.11993	0.24345	0.982376	111	3	-0.36817	0.99009	0.99021	0.999995	484	0	-0.36817
ZAP70	6	0.12093	0.24483	0.982376	112	3	-0.020646	0.068161	0.16071	0.976997	78	2	-0.020646
RIOK1	6	0.12261	0.24769	0.982376	113	3	0.0093116	0.025427	0.076159	0.900312	41	3	0.0093116
TTN	6	0.12346	0.24917	0.982376	114	2	0.43079	0.029675	0.087215	0.930846	44	4	0.43079
IKBKB	6	0.12352	0.24923	0.982376	115	3	-0.31992	0.37877	0.52082	0.98587	246	1	-0.31992
CDK11B	6	0.12447	0.25073	0.982376	116	2	0.086408	0.67581	0.71372	0.98587	342	1	0.086408
RIPK2	6	0.12624	0.25368	0.982376	117	1	0.085823	0.17683	0.33379	0.98587	159	2	0.085823
ULK1	6	0.12801	0.25681	0.982376	118	2	-0.034721	0.83641	0.83563	0.990029	413	0	-0.034721
IRAK1	6	0.12881	0.258	0.982376	119	2	-0.22296	0.32643	0.4718	0.98587	225	2	-0.22296
DMPK	6	0.13287	0.26414	0.982376	120	2	0.020501	0.25838	0.40931	0.98587	192	2	0.020501
SBK3	6	0.13317	0.26472	0.982376	121	3	-0.052546	0.80483	0.80548	0.98587	396	1	-0.052546
TRIB2	6	0.13504	0.26774	0.982376	122	2	-0.17607	0.12624	0.25477	0.976997	125	2	-0.17607
STK4	6	0.13599	0.26911	0.982376	123	3	-0.11038	0.79182	0.79463	0.98587	389	1	-0.11038
PCNA	4	0.13778	0.2276	0.982376	124	2	-0.238	0.74082	0.7408	0.98587	362	0	-0.238
GUCY2F	6	0.13853	0.27356	0.982376	125	1	-0.033019	0.39456	0.53659	0.98587	254	1	-0.033019
CDK10	6	0.13903	0.27428	0.982376	126	2	0.79101	0.00016659	0.00090648	0.111044	4	4	0.79101
CAMK4	6	0.14179	0.27881	0.982376	127	2	-0.17979	0.35719	0.49987	0.98587	240	1	-0.17979
MAPKAPK3	6	0.14268	0.28015	0.982376	128	3	-0.22121	0.92441	0.9232	0.997535	453	0	-0.22121
ADCK2	6	0.14365	0.28158	0.982376	129	3	-0.26007	0.91346	0.91203	0.995571	446	0	-0.26007
CDKL3	6	0.14376	0.28181	0.982376	130	1	0.04548	0.15159	0.29464	0.98587	143	2	0.04548
DAPK1	6	0.14667	0.28639	0.982376	131	2	-0.20945	0.034101	0.098331	0.930846	49	1	-0.20945
BLK	6	0.14737	0.28747	0.982376	132	2	0.24346	0.11595	0.23891	0.976997	116	3	0.24346
TRIO	6	0.14896	0.29008	0.982376	133	1	0.098236	0.045568	0.12293	0.939284	61	2	0.098236
TAOK1	6	0.14902	0.29025	0.982376	134	3	-0.1516	0.30059	0.44721	0.98587	214	2	-0.1516
AURKA	5	0.14919	0.26283	0.982376	135	1	0.59087	0.0091572	0.030389	0.725397	20	4	0.59087
FGFR2	6	0.15001	0.29181	0.982376	136	3	-0.22409	0.83377	0.83309	0.990029	412	0	-0.22409
MAST1	6	0.15068	0.29272	0.982376	137	2	0.13521	0.038865	0.10962	0.930846	56	3	0.13521
CAMK1D	6	0.15149	0.29401	0.982376	138	3	-0.21302	0.7564	0.76651	0.98587	370	1	-0.21302
PLK3	6	0.15159	0.29425	0.982376	139	2	-0.22404	0.2812	0.42965	0.98587	201	1	-0.22404
MAST3	6	0.15241	0.29556	0.982376	140	2	0.23038	0.066295	0.15774	0.976997	77	3	0.23038
DDR1	6	0.15584	0.30128	0.982376	141	2	0.20066	0.44305	0.58329	0.98587	273	2	0.20066
MAP3K14	6	0.15585	0.30128	0.982376	142	1	0.21007	0.17244	0.32681	0.98587	155	3	0.21007
KIT	6	0.15927	0.3051	0.982376	143	2	-0.085665	0.84158	0.84051	0.990029	416	0	-0.085665
CHEK2	6	0.16269	0.30884	0.982376	144	2	0.029718	0.77469	0.78108	0.98587	378	1	0.029718
CAMKK1	6	0.16779	0.31345	0.982376	145	1	-0.086777	0.59969	0.67275	0.98587	320	1	-0.086777
CDK2	6	0.16952	0.31489	0.982376	146	2	-0.19063	0.81182	0.81173	0.98587	402	1	-0.19063
STK32B	6	0.17243	0.31753	0.982376	147	2	-0.20984	0.9808	0.98026	0.999995	477	0	-0.20984
TNK1	6	0.17536	0.32045	0.982376	148	2	-0.010728	0.8752	0.87481	0.995571	429	0	-0.010728
FLT3	6	0.17757	0.3227	0.982376	149	2	-0.04705	0.7323	0.74976	0.98587	358	1	-0.04705
RPS6KA6	12	0.17908	0.39557	0.982376	150	2	0.1352	0.14679	0.35631	0.98587	138	5	0.1352
IGF1R	6	0.17978	0.32475	0.982376	151	2	-0.11599	0.82002	0.81948	0.98587	406	1	-0.11599
FLT1	6	0.18422	0.32907	0.982376	152	2	-0.10302	0.02252	0.068352	0.863891	38	1	-0.10302
DDR2	6	0.18461	0.32943	0.982376	153	1	0.1473	0.12147	0.24698	0.976997	120	2	0.1473
TIE1	6	0.1872	0.33179	0.982376	154	2	-0.24284	0.78367	0.78824	0.98587	383	1	-0.24284
GCK	6	0.18944	0.33366	0.982376	155	2	-0.055536	0.78201	0.787	0.98587	382	1	-0.055536
NEK4	6	0.19094	0.33512	0.982376	156	2	0.12948	0.21901	0.37233	0.98587	171	2	0.12948
HIPK1	6	0.19126	0.33549	0.982376	157	1	0.16756	0.04611	0.12404	0.939284	63	3	0.16756
MATK	6	0.19292	0.33694	0.982376	158	2	-0.044073	0.44226	0.58266	0.98587	272	2	-0.044073
MAP4K3	6	0.1962	0.33968	0.982376	159	2	-0.10365	0.43434	0.57506	0.98587	269	2	-0.10365
CAMK2A	6	0.1977	0.341	0.982376	160	2	0.00095902	0.096591	0.20743	0.976997	102	2	0.00095902
PRKCI	6	0.20279	0.34583	0.982376	161	1	0.1458	0.077442	0.17626	0.976997	85	2	0.1458
TAOK3	6	0.203	0.34603	0.982376	162	2	-0.033152	0.3208	0.46671	0.98587	223	1	-0.033152
UHMK1	6	0.20528	0.34835	0.982376	163	2	-0.030455	0.29756	0.44445	0.98587	211	1	-0.030455
PDK3	6	0.20833	0.3513	0.982376	164	2	0.030419	0.25661	0.40762	0.98587	191	2	0.030419
FES	6	0.20931	0.35216	0.982376	165	2	-0.18651	0.50703	0.63015	0.98587	297	1	-0.18651
INSRR	6	0.21062	0.35347	0.982376	166	2	-0.39936	0.56137	0.65429	0.98587	310	1	-0.39936
AKT2	6	0.21139	0.35407	0.982376	167	2	-0.075142	0.97857	0.9783	0.999995	475	0	-0.075142
FGR	6	0.21256	0.3552	0.982376	168	2	0.074747	0.17317	0.32786	0.98587	157	2	0.074747
NIM1K	6	0.2174	0.35994	0.982376	169	1	0.04701	0.50374	0.62873	0.98587	295	1	0.04701
CDC7	5	0.21791	0.33972	0.982376	170	2	0.34865	0.24494	0.37367	0.98587	183	2	0.34865
ROR2	6	0.21907	0.36161	0.982376	171	2	-0.28105	0.094149	0.20338	0.976997	98	2	-0.28105
TRPM6	6	0.22062	0.36316	0.982376	172	1	0.10314	0.2495	0.40104	0.98587	186	2	0.10314
PRKACA	6	0.22223	0.36471	0.982376	173	2	-0.1869	0.3364	0.48116	0.98587	229	1	-0.1869
DYRK4	6	0.22294	0.36542	0.982376	174	2	-0.19881	0.85552	0.85464	0.993438	420	0	-0.19881
PTK2B	6	0.22448	0.36707	0.982376	175	2	0.12209	0.80685	0.80732	0.98587	399	1	0.12209
RIOK3	6	0.22603	0.36882	0.982376	176	2	0.041441	0.1227	0.24903	0.976997	121	1	0.041441
CSNK1A1	6	0.22862	0.3713	0.982376	177	2	0.73892	0.30461	0.45085	0.98587	215	2	0.73892
STK26	6	0.22914	0.37181	0.982376	178	2	-0.12593	0.46352	0.60425	0.98587	282	2	-0.12593
CAMKV	6	0.23021	0.37296	0.982376	179	2	0.31166	0.11232	0.23306	0.976997	110	3	0.31166
NRBP2	6	0.23381	0.37657	0.982376	180	2	-0.24148	0.90093	0.90004	0.995571	439	0	-0.24148
TSSK6	6	0.23655	0.37924	0.982376	181	1	0.35741	0.020706	0.063528	0.841315	36	4	0.35741
MAPK3	6	0.2397	0.38257	0.982376	182	1	-0.12576	0.82331	0.8229	0.98587	409	1	-0.12576
PRKX	6	0.24242	0.38488	0.982376	183	2	-0.052421	0.33614	0.4809	0.98587	228	2	-0.052421
MERTK	6	0.24284	0.38538	0.982376	184	2	-0.2746	0.34339	0.48751	0.98587	232	2	-0.2746
EPHA3	6	0.24441	0.38711	0.982376	185	2	-0.082174	0.79289	0.79549	0.98587	390	1	-0.082174
PRKD3	6	0.24714	0.38953	0.982376	186	2	-0.22767	0.27668	0.42571	0.98587	200	1	-0.22767
ICK	6	0.24753	0.39	0.982376	187	1	-0.11345	0.8403	0.83945	0.990029	414	0	-0.11345
CDK18	6	0.24872	0.39098	0.982376	188	2	-0.27528	0.85631	0.85564	0.993438	421	0	-0.27528
CDKL2	6	0.25064	0.39293	0.982376	189	1	0.037723	0.058802	0.14503	0.976997	73	2	0.037723
MST1R	6	0.25187	0.39416	0.982376	190	2	-0.063215	0.42138	0.56256	0.98587	265	1	-0.063215
MYLK2	6	0.25375	0.39593	0.982376	191	2	-0.072175	0.44385	0.58409	0.98587	274	2	-0.072175
TEX14	6	0.25424	0.39642	0.982376	192	2	0.028988	0.72698	0.74588	0.98587	356	1	0.028988
MINK1	6	0.25503	0.39708	0.982376	193	2	-0.17996	0.55537	0.65164	0.98587	308	1	-0.17996
ILK	6	0.25661	0.39876	0.982376	194	2	-0.23968	0.60245	0.6743	0.98587	321	1	-0.23968
ABL1	6	0.26146	0.40313	0.982376	195	1	0.2091	0.21579	0.36923	0.98587	170	1	0.2091
RPS6KA3	12	0.26387	0.50049	0.982376	196	4	-0.11993	0.49757	0.71456	0.98587	293	3	-0.11993
PRKD2	6	0.26455	0.40608	0.982376	197	2	-0.12129	0.656	0.70249	0.98587	333	1	-0.12129
TESK2	6	0.26614	0.40745	0.982376	198	2	0.051931	0.32238	0.468	0.98587	224	2	0.051931
STK25	6	0.2691	0.41006	0.982376	199	1	0.10544	0.91397	0.91258	0.995571	447	0	0.10544
TYK2	12	0.27554	0.51437	0.982376	200	3	-0.12455	0.94551	0.95253	0.999995	458	1	-0.12455
MAP2K3	6	0.2842	0.42454	0.982376	201	1	-0.062966	0.72899	0.7473	0.98587	357	1	-0.062966
SRMS	6	0.28569	0.42591	0.982376	202	1	0.11934	0.045647	0.1231	0.939284	62	3	0.11934
VRK1	6	0.28692	0.42691	0.982376	203	2	0.091808	0.26758	0.41699	0.98587	197	2	0.091808
CDK14	6	0.28718	0.42712	0.982376	204	1	0.15774	0.15299	0.29698	0.98587	144	3	0.15774
CDK13	6	0.29016	0.42995	0.982376	205	1	-0.068996	0.91774	0.91633	0.995571	451	0	-0.068996
FLT4	6	0.29461	0.43443	0.982376	206	1	-0.14288	0.14202	0.27986	0.98587	136	1	-0.14288
KIAA1804	6	0.29608	0.43596	0.982376	207	1	-0.073529	0.92348	0.92213	0.997535	452	0	-0.073529
PAK7	6	0.3005	0.44041	0.982376	208	1	-0.14239	0.9848	0.98464	0.999995	481	0	-0.14239
MAP4K5	6	0.30197	0.44181	0.982376	209	1	0.28234	0.11993	0.24473	0.976997	119	3	0.28234
AURKC	6	0.3022	0.4421	0.982376	210	2	-0.23254	0.35856	0.5011	0.98587	241	1	-0.23254
LIMK1	6	0.31107	0.4513	0.982376	211	2	-0.050413	0.60973	0.6778	0.98587	323	1	-0.050413
NUAK1	6	0.3143	0.45478	0.982376	212	2	-0.13288	0.29165	0.43864	0.98587	207	1	-0.13288
EEF2K	6	0.31505	0.45547	0.982376	213	1	-0.094421	0.31026	0.45672	0.98587	217	2	-0.094421
MAST2	6	0.31511	0.4555	0.982376	214	2	0.047483	0.54521	0.64674	0.98587	307	1	0.047483
JAK1	12	0.31515	0.5616	0.982376	215	3	-0.17212	0.33786	0.58885	0.98587	230	2	-0.17212
NTRK3	6	0.31793	0.45836	0.982376	216	2	0.042726	0.57898	0.66269	0.98587	314	1	0.042726
PRKACB	6	0.31834	0.45871	0.982376	217	2	-0.32511	0.73883	0.75403	0.98587	361	1	-0.32511
MAPK15	6	0.31996	0.46021	0.982376	218	2	0.015397	0.47321	0.6136	0.98587	285	1	0.015397
PRKAA2	6	0.32076	0.46095	0.982376	219	2	-0.088644	0.82609	0.82575	0.9866	410	1	-0.088644
CDK12	6	0.32366	0.4636	0.982376	220	2	0.10206	0.19951	0.35426	0.98587	165	2	0.10206
KALRN	5	0.32747	0.464	0.982376	221	2	-0.21502	0.97974	0.97983	0.999995	476	0	-0.21502
RPL9	3	0.32866	0.36077	0.982376	222	1	-0.2017	0.78771	0.78635	0.98587	386	0	-0.2017
MAP3K11	6	0.33128	0.47102	0.982376	223	2	0.13967	0.088829	0.19482	0.976997	93	3	0.13967
SGK2	6	0.33217	0.47178	0.982376	224	2	-0.051675	0.92954	0.92792	0.999301	455	0	-0.051675
CDK17	6	0.33359	0.47324	0.982376	225	1	-0.033659	0.078821	0.17853	0.976997	86	2	-0.033659
CSK	6	0.33371	0.4734	0.982376	226	2	-0.2922	0.42761	0.5686	0.98587	268	1	-0.2922
NRK	6	0.33452	0.47419	0.982376	227	2	-0.092264	0.96611	0.96632	0.999995	467	0	-0.092264
BRAF	6	0.34339	0.48256	0.982376	228	1	0.22526	0.13679	0.27135	0.98587	133	1	0.22526
CONTROL	50	0.34418	0.74094	0.982376	229	13	-0.03248	0.41024	0.80284	0.98587	261	11	-0.03248
CSNK2A2	6	0.34424	0.48319	0.982376	230	2	-0.16584	0.79501	0.79715	0.98587	392	1	-0.16584
TSSK3	6	0.34756	0.48633	0.982376	231	1	0.072907	0.23338	0.38617	0.98587	177	2	0.072907
TNIK	6	0.34894	0.48781	0.982376	232	1	0.13302	0.74268	0.75673	0.98587	363	1	0.13302
RYK	6	0.35032	0.48925	0.982376	233	1	0.13535	0.090306	0.19711	0.976997	94	2	0.13535
PLK2	6	0.35071	0.48964	0.982376	234	2	-0.035803	0.30489	0.45113	0.98587	216	1	-0.035803
DYRK1A	6	0.35233	0.49111	0.982376	235	2	-0.02171	0.047468	0.12652	0.939284	66	2	-0.02171
NTRK2	6	0.35557	0.49393	0.982376	236	2	-0.29698	0.81571	0.81525	0.98587	404	1	-0.29698
BRSK1	6	0.35856	0.49684	0.982376	237	2	-0.23392	0.96191	0.96196	0.999995	463	0	-0.23392
HCK	6	0.36265	0.50138	0.982376	238	1	-0.099191	0.31834	0.46457	0.98587	222	2	-0.099191
LATS2	6	0.36366	0.50228	0.982376	239	2	0.42838	0.0046775	0.01866	0.6027	14	3	0.42838
PRKCH	6	0.36447	0.50305	0.982376	240	2	-0.14025	0.6453	0.69639	0.98587	331	1	-0.14025
BRSK2	6	0.36806	0.50662	0.982376	241	1	0.10797	0.42388	0.56505	0.98587	267	1	0.10797
ITK	6	0.37075	0.50945	0.982376	242	1	0.12221	0.15727	0.30358	0.98587	145	2	0.12221
MAPK10	6	0.37343	0.51202	0.982376	243	1	-0.10222	0.36366	0.50629	0.98587	243	2	-0.10222
Rosa26	1	0.37414	0.37449	0.982376	244	0	-0.13787	0.62586	0.62796	0.98587	326	0	-0.13787
HUNK	6	0.37477	0.51339	0.982376	245	1	-0.10555	0.37477	0.51704	0.98587	245	1	-0.10555
EPHA10	6	0.37744	0.51591	0.982376	246	1	0.1868	0.50484	0.62926	0.98587	296	1	0.1868
ULK2	6	0.3801	0.51867	0.982376	247	1	-0.19094	0.053276	0.13625	0.976997	69	2	-0.19094
GSG2	6	0.38143	0.5201	0.982376	248	1	0.49721	0.047134	0.12599	0.939284	65	3	0.49721
STYK1	6	0.38144	0.52011	0.982376	249	2	0.1956	0.58661	0.66633	0.98587	316	1	0.1956
POLR2A	7	0.38482	0.53752	0.982376	250	1	0.69867	0.00096148	0.0048791	0.298847	7	5	0.69867
TESK1	6	0.38802	0.527	0.982376	251	1	0.16203	0.31672	0.46301	0.98587	221	2	0.16203
ULK4	6	0.3887	0.52772	0.982376	252	2	-0.15277	0.48013	0.61945	0.98587	288	1	-0.15277
DYRK1B	6	0.39064	0.52977	0.982376	253	1	0.40969	0.14559	0.28516	0.98587	137	3	0.40969
CSNK1G1	6	0.39192	0.5311	0.982376	254	2	-0.00706	0.24127	0.39358	0.98587	182	1	-0.00706
PRKAA1	6	0.39273	0.53199	0.982376	255	2	-0.17699	0.52005	0.63557	0.98587	301	1	-0.17699
MKNK2	6	0.39456	0.53376	0.982376	256	1	0.01757	0.66324	0.70687	0.98587	336	1	0.01757
STRADA	6	0.39514	0.53443	0.982376	257	2	0.3058	0.025766	0.07717	0.900312	42	3	0.3058
MUSK	6	0.39756	0.5367	0.982376	258	2	-0.29768	0.06068	0.14843	0.976997	75	1	-0.29768
EPHB6	6	0.39836	0.53755	0.982376	259	2	-0.151	0.31591	0.46224	0.98587	219	2	-0.151
HIPK4	6	0.39916	0.53822	0.982376	260	2	-0.064574	0.020579	0.063181	0.841315	35	1	-0.064574
PSKH1	6	0.39997	0.53889	0.982376	261	2	0.0829	0.72226	0.74281	0.98587	352	1	0.0829
MAP3K6	6	0.40639	0.54518	0.982376	262	2	0.063649	0.073747	0.17016	0.976997	82	2	0.063649
FGFR3	6	0.40719	0.54607	0.982376	263	2	0.023836	0.40103	0.54277	0.98587	257	1	0.023836
PTK6	6	0.40745	0.54639	0.982376	264	1	-0.062201	0.0041273	0.016827	0.6027	12	2	-0.062201
SIK3	6	0.40873	0.54785	0.982376	265	1	-0.26041	0.8598	0.85918	0.993438	423	0	-0.26041
DAPK3	6	0.41128	0.55035	0.982376	266	1	0.099527	0.36265	0.50541	0.98587	242	1	0.099527
PRKCG	6	0.41255	0.55169	0.982376	267	1	0.2678	0.082271	0.18439	0.976997	87	3	0.2678
PRKCA	6	0.416	0.55495	0.982376	268	2	-0.26939	0.98534	0.98516	0.999995	482	0	-0.26939
RPS6KB2	6	0.4192	0.55855	0.982376	269	2	-0.077793	0.90293	0.9019	0.995571	440	0	-0.077793
CDK4	6	0.4216	0.56095	0.982376	270	2	0.24663	0.15801	0.30445	0.98587	146	3	0.24663
STK39	6	0.42388	0.56328	0.982376	271	1	-0.011816	0.059301	0.14589	0.976997	74	2	-0.011816
ALK	6	0.42479	0.5641	0.982376	272	2	0.047761	0.8651	0.86461	0.994502	426	0	0.047761
SCYL3	6	0.42637	0.56578	0.982376	273	1	-0.051738	0.76183	0.77079	0.98587	374	1	-0.051738
MYLK4	6	0.42797	0.56727	0.982376	274	2	0.20997	0.4144	0.5557	0.98587	262	2	0.20997
ADCK4	6	0.42885	0.56809	0.982376	275	2	0.024862	0.21139	0.36516	0.98587	169	2	0.024862
STK32C	6	0.4391	0.57861	0.982376	276	2	0.31056	0.11464	0.23678	0.976997	114	3	0.31056
CHUK	6	0.44114	0.58065	0.982376	277	1	0.087713	0.16098	0.30929	0.98587	150	1	0.087713
ATM	6	0.4472	0.58651	0.982376	278	1	0.3951	0.14952	0.29145	0.98587	142	3	0.3951
RIPK3	6	0.44961	0.58768	0.982376	279	1	-0.076541	0.12747	0.25675	0.976997	126	2	-0.076541
PAK3	6	0.45201	0.58862	0.982376	280	1	-0.0064436	0.91749	0.91613	0.995571	450	0	-0.0064436
RPS6KL1	6	0.4544	0.58999	0.982376	281	1	0.055019	0.40559	0.54681	0.98587	258	2	0.055019
ACVR1B	6	0.45797	0.59171	0.982376	282	1	0.39097	0.035677	0.10222	0.930846	51	4	0.39097
CAMK2B	6	0.45915	0.59219	0.982376	283	1	0.076903	0.20768	0.36191	0.98587	167	2	0.076903
SBK2	6	0.46387	0.59434	0.982376	284	1	-0.036025	0.21907	0.37234	0.98587	172	2	-0.036025
MKNK1	6	0.46622	0.59541	0.982376	285	1	0.35068	0.16982	0.32295	0.98587	154	3	0.35068
RPS6KB1	6	0.47205	0.59805	0.982376	286	1	0.37605	0.39112	0.53316	0.98587	251	2	0.37605
PDGFRB	6	0.47552	0.59924	0.982376	287	1	0.12274	0.77865	0.78417	0.98587	380	1	0.12274
MAP2K1	6	0.47898	0.6005	0.982376	288	1	-0.10672	0.48241	0.62044	0.98587	289	1	-0.10672
GUCY2D	6	0.48241	0.60218	0.982376	289	1	-0.22024	0.95655	0.95595	0.999995	462	0	-0.22024
MAP2K4	6	0.49485	0.60737	0.982376	290	1	0.21596	0.67036	0.71059	0.98587	340	1	0.21596
EPHA2	6	0.49708	0.60841	0.982376	291	1	-0.18294	0.20073	0.35532	0.98587	166	2	-0.18294
NEK7	6	0.4982	0.60891	0.982376	292	1	-0.023372	0.11737	0.24101	0.976997	117	2	-0.023372
STK33	6	0.50153	0.61051	0.982376	293	1	-0.008653	0.19786	0.35287	0.98587	164	2	-0.008653
BMPR2	6	0.51249	0.61524	0.982376	294	1	0.29311	0.19019	0.34645	0.98587	162	2	0.29311
TSSK4	6	0.51358	0.61569	0.982376	295	1	0.23584	0.11556	0.23824	0.976997	115	3	0.23584
ERN1	6	0.5179	0.61771	0.982376	296	1	0.12439	0.68119	0.71704	0.98587	344	1	0.12439
RET	6	0.52432	0.62068	0.982376	297	1	0.057906	0.26453	0.41463	0.98587	196	1	0.057906
BMP2K	6	0.52538	0.62128	0.982376	298	1	0.17408	0.12761	0.25706	0.976997	127	3	0.17408
ROCK2	6	0.5275	0.62234	0.982376	299	1	0.072619	0.91423	0.91275	0.995571	448	0	0.072619
STK16	6	0.53067	0.62402	0.982376	300	1	-0.023698	0.75822	0.76807	0.98587	372	1	-0.023698
MARK2	6	0.53172	0.62447	0.982376	301	1	0.18333	0.071072	0.16564	0.976997	80	3	0.18333
EPHA8	6	0.53382	0.62552	0.982376	302	1	0.050822	0.81034	0.81038	0.98587	401	1	0.050822
MAP3K1	6	0.54316	0.63003	0.982376	303	1	-0.099033	0.95508	0.95456	0.999995	461	0	-0.099033
BMPR1A	6	0.54419	0.63058	0.982376	304	1	0.029048	0.72362	0.7437	0.98587	353	1	0.029048
MAP2K7	6	0.54726	0.63207	0.982376	305	1	0.018635	0.668	0.70932	0.98587	338	1	0.018635
ACVR1C	6	0.55436	0.63562	0.982376	306	1	0.012342	0.57609	0.66117	0.98587	312	1	0.012342
DCLK3	6	0.57025	0.64354	0.982376	307	1	0.083926	0.15902	0.30621	0.98587	147	3	0.083926
PTK7	6	0.57123	0.64407	0.982376	308	1	0.12186	0.48356	0.62098	0.98587	290	1	0.12186
TRRAP	6	0.57318	0.64498	0.982376	309	1	0.33051	0.010824	0.036076	0.754675	23	3	0.33051
CDC42BPG	6	0.57609	0.64664	0.982376	310	1	0.12522	0.025421	0.076149	0.900312	40	2	0.12522
CLK3	6	0.57705	0.64711	0.982376	311	1	-0.058178	0.88821	0.88742	0.995571	432	0	-0.058178
RPS6KA5	12	0.58086	0.77466	0.982376	312	2	-6.363e-05	0.37993	0.63136	0.98587	249	1	-6.363e-05
CIT	6	0.5809	0.64928	0.982376	313	1	-0.021419	0.64363	0.6954	0.98587	330	1	-0.021419
CAMK2D	6	0.5885	0.65339	0.982376	314	1	0.26281	0.1138	0.23535	0.976997	112	2	0.26281
CDK15	6	0.59506	0.65676	0.982376	315	1	0.19692	0.056257	0.14097	0.976997	71	2	0.19692
PHKG2	6	0.59692	0.65779	0.982376	316	1	0.26679	0.046575	0.12488	0.939284	64	3	0.26679
EPHA5	6	0.59784	0.6583	0.982376	317	1	0.12955	0.45174	0.592	0.98587	278	2	0.12955
NEK9	6	0.60061	0.65991	0.982376	318	1	-0.03353	0.14737	0.28798	0.98587	140	2	-0.03353
FASTK	6	0.60337	0.66152	0.982376	319	1	0.2622	0.055036	0.13879	0.976997	70	3	0.2622
EPHA7	6	0.60428	0.66193	0.982376	320	1	0.35611	0.095071	0.20482	0.976997	100	3	0.35611
TLK2	5	0.60574	0.63319	0.982376	321	1	0.50053	0.024535	0.068759	0.863891	39	3	0.50053
ANKK1	6	0.61063	0.66532	0.982376	322	1	-0.048664	0.29897	0.44561	0.98587	212	2	-0.048664
SCYL2	6	0.61422	0.6674	0.982376	323	1	0.22799	0.24793	0.39964	0.98587	185	2	0.22799
CHEK1	6	0.61689	0.66898	0.982376	324	1	2.0381	1.3054e-05	6.4395e-05	0.010518	3	4	2.0381
LMTK3	6	0.62043	0.67081	0.982376	325	1	0.12631	0.79342	0.79591	0.98587	391	1	0.12631
MAPK12	6	0.62307	0.67216	0.982376	326	1	0.2356	0.4088	0.55019	0.98587	260	2	0.2356
ROCK1	6	0.62656	0.67397	0.982376	327	1	0.35506	0.036013	0.10292	0.930846	53	4	0.35506
LTK	6	0.62743	0.67445	0.982376	328	1	0.11381	0.39756	0.53942	0.98587	256	2	0.11381
STK19	6	0.63003	0.67593	0.982376	329	1	0.064876	0.29415	0.44112	0.98587	209	2	0.064876
MAP4K1	6	0.63089	0.6765	0.982376	330	1	-0.14512	0.97767	0.97731	0.999995	474	0	-0.14512
CSNK2A1	5	0.63164	0.65177	0.982376	331	1	-0.077277	0.2299	0.35809	0.98587	176	1	-0.077277
PRKD1	6	0.63518	0.67886	0.982376	332	1	0.22727	0.37983	0.52194	0.98587	248	2	0.22727
ADCK1	6	0.63688	0.67986	0.982376	333	1	0.22681	0.5885	0.66731	0.98587	318	1	0.22681
AATK	6	0.63858	0.68113	0.982376	334	1	0.030018	0.26217	0.41233	0.98587	195	2	0.030018
PAK2	6	0.64111	0.68259	0.982376	335	1	0.047158	0.9501	0.94971	0.999995	460	0	0.047158
TNK2	6	0.64195	0.68303	0.982376	336	1	-0.11106	0.29313	0.4401	0.98587	208	1	-0.11106
ERBB3	6	0.64279	0.68357	0.982376	337	1	0.26321	0.098274	0.21013	0.976997	104	3	0.26321
ADRBK1	6	0.64613	0.6857	0.982376	338	1	-0.071375	0.77526	0.7816	0.98587	379	1	-0.071375
EIF2AK4	12	0.65017	0.80717	0.982376	339	2	0.1324	0.092128	0.25475	0.976997	95	5	0.1324
MAPK6	6	0.65109	0.6888	0.982376	340	1	-0.096165	0.50263	0.62833	0.98587	294	1	-0.096165
MYLK3	6	0.65191	0.68923	0.982376	341	1	-0.12022	0.039849	0.11208	0.930846	59	2	-0.12022
AKT1	6	0.65273	0.6897	0.982376	342	1	0.35681	0.1796	0.33717	0.98587	161	2	0.35681
ABL2	6	0.65518	0.69135	0.982376	343	1	0.13436	0.63603	0.69104	0.98587	328	1	0.13436
RIPK1	6	0.65762	0.69273	0.982376	344	1	0.19115	0.7112	0.73554	0.98587	350	1	0.19115
TBCK	6	0.66324	0.6966	0.982376	345	1	0.19207	0.087302	0.19264	0.976997	92	3	0.19207
CSF1R	6	0.67036	0.70061	0.982376	346	1	0.12662	0.41886	0.56013	0.98587	264	2	0.12662
AK3	6	0.67115	0.70103	0.982376	347	1	-0.10996	0.75333	0.76433	0.98587	369	1	-0.10996
MET	6	0.67426	0.70299	0.982376	348	1	0.23072	0.33209	0.47705	0.98587	227	2	0.23072
MAP3K9	6	0.67581	0.70401	0.982376	349	1	-0.10854	0.31649	0.4628	0.98587	220	1	-0.10854
BCR	6	0.67659	0.70444	0.982376	350	1	0.12181	0.70768	0.73336	0.98587	349	1	0.12181
CDKL5	6	0.67736	0.70486	0.982376	351	1	0.035704	0.57802	0.66215	0.98587	313	1	0.035704
GRK6	6	0.68119	0.70763	0.982376	352	1	0.17752	0.49373	0.62468	0.98587	291	1	0.17752
ADCK5	6	0.68195	0.70792	0.982376	353	1	0.32626	0.12948	0.25993	0.976997	129	2	0.32626
ROS1	6	0.68949	0.71281	0.982376	354	1	0.19985	0.64862	0.69824	0.98587	332	1	0.19985
PAK6	6	0.69172	0.71444	0.982376	355	1	-0.2694	0.11362	0.23513	0.976997	111	2	-0.2694
DAPK2	6	0.69467	0.71661	0.982376	356	1	0.04122	0.50813	0.63064	0.98587	298	1	0.04122
GSK3B	6	0.69614	0.71764	0.982376	357	1	0.30485	0.037936	0.10752	0.930846	54	2	0.30485
INSR	6	0.69978	0.72009	0.982376	358	1	0.16072	0.61332	0.67957	0.98587	324	1	0.16072
CDC42BPB	6	0.70267	0.72197	0.982376	359	1	-0.06594	0.074305	0.17111	0.976997	83	2	-0.06594
MAP3K7	6	0.70554	0.7239	0.982376	360	1	0.15432	0.035762	0.10232	0.930846	52	3	0.15432
TNNI3K	6	0.70909	0.72637	0.982376	361	1	-0.079784	0.4168	0.55793	0.98587	263	2	-0.079784
CDC42BPA	6	0.7105	0.72736	0.982376	362	1	-0.059181	0.72158	0.74228	0.98587	351	1	-0.059181
TBK1	6	0.7209	0.73475	0.982376	363	1	-0.363	0.8738	0.8735	0.995571	428	0	-0.363
PRKACG	6	0.72158	0.73527	0.982376	364	1	0.2235	0.083173	0.18581	0.976997	88	3	0.2235
SGK3	6	0.72226	0.73586	0.982376	365	1	-0.0036117	0.59413	0.66988	0.98587	319	1	-0.0036117
PRKY	5	0.72492	0.7272	0.982376	366	1	-0.073283	0.17351	0.29623	0.98587	158	1	-0.073283
CDKL1	6	0.72564	0.73819	0.982376	367	1	0.097484	0.51574	0.63379	0.98587	300	1	0.097484
ACVRL1	6	0.72631	0.73867	0.982376	368	1	-0.087793	0.93739	0.9364	0.999995	456	0	-0.087793
MARK4	6	0.72765	0.73965	0.982376	369	1	0.14956	0.70697	0.73275	0.98587	348	1	0.14956
NEK8	6	0.73623	0.74646	0.982376	370	1	0.090314	0.78696	0.79081	0.98587	385	1	0.090314
MAP2K6	6	0.73818	0.7478	0.982376	371	1	0.0097003	0.066108	0.15729	0.976997	76	2	0.0097003
MAPK14	6	0.73883	0.74825	0.982376	372	1	0.15428	0.095367	0.20536	0.976997	101	3	0.15428
CDKL4	6	0.74585	0.75369	0.982376	373	1	0.19376	0.44622	0.58636	0.98587	275	2	0.19376
RIPK4	6	0.74836	0.75569	0.982376	374	1	-0.037844	0.85354	0.85282	0.993438	418	0	-0.037844
MOK	6	0.76123	0.76583	0.982376	375	1	-0.1542	0.88789	0.88707	0.995571	431	0	-0.1542
PKN2	6	0.76892	0.77248	0.982376	376	1	0.012575	0.47445	0.61484	0.98587	286	2	0.012575
RPS6KA4	12	0.77184	0.87072	0.995055	377	2	0.061439	0.17284	0.39933	0.98587	156	4	0.061439
GSK3A	6	0.77469	0.7775	0.982376	378	1	-0.27701	0.57994	0.66313	0.98587	315	1	-0.27701
TTBK1	6	0.77526	0.77802	0.982376	379	1	0.038461	0.073739	0.17015	0.976997	81	1	0.038461
TTK	6	0.77696	0.77946	0.982376	380	1	0.17582	0.0049322	0.01963	0.6027	15	2	0.17582
PDIK1L	6	0.78034	0.78243	0.982376	381	1	0.03643	0.16517	0.31619	0.98587	153	2	0.03643
TYRO3	6	0.78145	0.78359	0.982376	382	1	0.31991	0.12397	0.25114	0.976997	122	3	0.31991
LRRK1	6	0.78201	0.78404	0.982376	383	1	0.094466	0.341	0.48533	0.98587	231	2	0.094466
SCYL1	6	0.78312	0.78495	0.982376	384	1	0.12965	0.093954	0.20312	0.976997	97	1	0.12965
TXK	6	0.78587	0.78728	0.982376	385	1	-0.042539	0.018635	0.057653	0.841315	33	1	-0.042539
STK36	6	0.78641	0.78786	0.982376	386	1	-0.22463	0.77239	0.77899	0.98587	377	1	-0.22463
ROR1	6	0.78696	0.78829	0.982376	387	1	0.0801	0.1411	0.27837	0.98587	135	2	0.0801
RPS6KA1	12	0.78844	0.88062	0.995055	388	2	0.17954	0.13862	0.34162	0.98587	134	4	0.17954
SIK1	6	0.78859	0.78981	0.982376	389	1	0.11266	0.25978	0.41037	0.98587	193	2	0.11266
AAK1	6	0.79075	0.79149	0.982376	390	1	-0.16848	0.34478	0.48861	0.98587	233	1	-0.16848
MAK	6	0.79128	0.79186	0.982376	391	1	0.17937	0.63347	0.68972	0.98587	327	1	0.17937
CDK20	6	0.79182	0.79248	0.982376	392	1	-0.0096467	0.67504	0.71329	0.98587	341	1	-0.0096467
CSNK1E	6	0.79289	0.79345	0.982376	393	1	-0.1777	0.81954	0.81904	0.98587	405	1	-0.1777
WNK3	6	0.79342	0.79388	0.982376	394	1	-0.03037	0.74836	0.76087	0.98587	366	1	-0.03037
TRPM7	6	0.79501	0.7952	0.982376	395	1	-0.2314	0.92555	0.92425	0.997535	454	0	-0.2314
ADCK3	6	0.79763	0.79749	0.982376	396	1	0.31605	0.12899	0.25931	0.976997	128	3	0.31605
DCLK2	6	0.79919	0.7989	0.982376	397	1	-0.11118	0.34617	0.48979	0.98587	234	2	-0.11118
STK3	6	0.79971	0.79958	0.982376	398	1	0.05656	0.8219	0.82154	0.98587	408	1	0.05656
CAMK1G	6	0.80023	0.80003	0.982376	399	1	0.1495	0.10482	0.22061	0.976997	106	2	0.1495
ADRBK2	6	0.80074	0.80059	0.982376	400	1	0.19516	0.82096	0.8206	0.98587	407	1	0.19516
RPL23A	3	0.80416	0.80277	0.982376	401	0	0.80861	0.015243	0.040148	0.754675	29	2	0.80861
CSNK1D	6	0.80584	0.80544	0.982376	402	1	0.47408	0.0091882	0.031766	0.725397	21	3	0.47408
PBK	6	0.80735	0.8069	0.982376	403	1	-0.10646	0.29608	0.44297	0.98587	210	1	-0.10646
ACVR1	6	0.80885	0.80823	0.982376	404	1	0.29646	0.016687	0.052353	0.828296	30	1	0.29646
LYN	6	0.80984	0.80919	0.982376	405	1	-0.18077	0.84454	0.84362	0.991298	417	0	-0.18077
CDK3	6	0.81132	0.81065	0.982376	406	0	0.13609	0.87624	0.87589	0.995571	430	0	0.13609
WNK4	6	0.8162	0.81542	0.982376	407	0	-0.23341	0.0049457	0.01968	0.6027	16	2	-0.23341
EIF2AK3	6	0.81668	0.8159	0.982376	408	0	0.019923	0.55938	0.65329	0.98587	309	1	0.019923
MAP3K13	6	0.81812	0.81729	0.982376	409	0	0.25472	0.46117	0.602	0.98587	281	2	0.25472
IRAK4	6	0.81907	0.81831	0.982376	410	0	-0.071752	0.013924	0.044576	0.754687	28	2	-0.071752
EPHB2	6	0.82143	0.82095	0.982376	411	0	-0.047643	0.56731	0.6568	0.98587	311	1	-0.047643
EPHA4	6	0.82237	0.82199	0.982376	412	0	0.37667	0.13038	0.26144	0.976997	131	3	0.37667
NRBP1	6	0.83288	0.83221	0.992175	413	0	0.15967	0.61511	0.68054	0.98587	325	1	0.15967
STK24	6	0.83815	0.83733	0.995055	414	0	0.6129	0.0035393	0.014489	0.6027	11	4	0.6129
PAK1	6	0.84704	0.84633	0.995055	415	0	-0.16956	0.80534	0.80585	0.98587	397	1	-0.16956
STK10	6	0.85865	0.85783	0.995055	416	0	-0.076533	0.28867	0.43583	0.98587	205	1	-0.076533
ACVR2A	6	0.86095	0.86049	0.995055	417	0	0.13141	0.2842	0.4321	0.98587	204	1	0.13141
LCK	6	0.86585	0.86529	0.995055	418	0	0.055653	0.52432	0.63732	0.98587	302	1	0.055653
ERBB4	6	0.86732	0.86674	0.995055	419	0	0.071772	0.47898	0.61896	0.98587	287	1	0.071772
CDK9	9	0.87092	0.87901	0.995055	420	1	0.24648	0.16129	0.35126	0.98587	151	4	0.24648
HIPK3	5	0.87148	0.87267	0.995055	421	0	0.15905	0.22904	0.35713	0.98587	175	2	0.15905
IRAK3	6	0.87274	0.87247	0.995055	422	0	0.11612	0.77008	0.77729	0.98587	375	1	0.11612
PIK3R4	6	0.87624	0.87589	0.995055	423	0	1.1112	0.00053581	0.0024024	0.235437	5	4	1.1112
PRKG1	6	0.87728	0.87688	0.995055	424	0	-0.025368	0.3005	0.44714	0.98587	213	1	-0.025368
CASK	6	0.87796	0.87746	0.995055	425	0	-0.1463	0.78641	0.79044	0.98587	384	1	-0.1463
WNK2	6	0.87933	0.87876	0.995055	426	0	0.56143	0.0041431	0.016876	0.6027	13	4	0.56143
WEE2	6	0.88102	0.8803	0.995055	427	0	-0.02443	0.78089	0.78602	0.98587	381	1	-0.02443
PIM3	6	0.88168	0.88087	0.995055	428	0	0.36622	0.094279	0.20364	0.976997	99	3	0.36622
RIOK2	6	0.88531	0.88435	0.995055	429	0	-0.19898	0.80074	0.80198	0.98587	395	1	-0.19898
DCLK1	6	0.88757	0.88677	0.995055	430	0	-0.046274	0.64279	0.6949	0.98587	329	1	-0.046274
NEK3	6	0.88916	0.88842	0.995055	431	0	0.014228	0.43751	0.57827	0.98587	270	2	0.014228
MAP3K10	6	0.89104	0.89051	0.995055	432	0	-0.035594	0.23812	0.39072	0.98587	180	1	-0.035594
POMK	4	0.89308	0.89332	0.995055	433	0	0.17347	0.54365	0.56268	0.98587	306	1	0.17347
EIF2AK2	6	0.89351	0.89288	0.995055	434	0	0.018963	0.23655	0.38908	0.98587	179	2	0.018963
FYN	6	0.89533	0.89468	0.995055	435	0	0.021998	0.72497	0.74454	0.98587	354	1	0.021998
CSNK1G2	6	0.89772	0.89697	0.995055	436	0	0.086821	0.25064	0.4021	0.98587	187	2	0.086821
PRKCZ	6	0.90236	0.90144	0.995055	437	0	-0.075425	0.72631	0.74536	0.98587	355	1	-0.075425
MAP3K5	6	0.90462	0.90372	0.995055	438	0	0.28767	0.25187	0.40326	0.98587	189	2	0.28767
EPHB1	6	0.90819	0.9071	0.995055	439	0	0.34268	0.0337	0.097479	0.930846	48	3	0.34268
EPHB4	6	0.90846	0.90739	0.995055	440	0	-0.029766	0.96739	0.96734	0.999995	469	0	-0.029766
PAK4	6	0.91033	0.90908	0.995055	441	0	0.26449	0.034837	0.1	0.930846	50	3	0.26449
CDK7	6	0.91112	0.90989	0.995055	442	0	0.59488	3.6592e-06	4.9534e-06	0.001214	2	2	0.59488
VRK2	6	0.9119	0.91064	0.995055	443	0	0.019867	0.45081	0.59108	0.98587	276	1	0.019867
MARK1	6	0.91268	0.91142	0.995055	444	0	0.24243	0.2091	0.3631	0.98587	168	2	0.24243
STK17A	6	0.9132	0.91185	0.995055	445	0	0.075022	0.14896	0.29053	0.98587	141	1	0.075022
SGK494	6	0.91448	0.91299	0.995055	446	0	0.0036825	0.24557	0.39756	0.98587	184	2	0.0036825
CDK16	6	0.91625	0.9148	0.995055	447	0	0.1074	0.49708	0.62604	0.98587	292	1	0.1074
MAPK9	6	0.91675	0.91541	0.995055	448	0	0.098239	0.60337	0.67472	0.98587	322	1	0.098239
NEK10	6	0.91823	0.91689	0.995055	449	0	0.085026	0.66722	0.70888	0.98587	337	1	0.085026
EIF2AK1	6	0.91848	0.91716	0.995055	450	0	-0.080287	0.79919	0.80045	0.98587	393	1	-0.080287
DYRK2	6	0.91872	0.91746	0.995055	451	0	0.17424	0.65923	0.70434	0.98587	334	1	0.17424
PDPK1	5	0.91953	0.92061	0.995055	452	0	0.63325	0.032099	0.084015	0.930846	47	3	0.63325
EGFR	6	0.92185	0.92048	0.995055	453	0	0.64659	0.008095	0.028953	0.725397	18	3	0.64659
TRIB1	6	0.92325	0.92195	0.995055	454	0	0.12087	0.4596	0.60024	0.98587	280	2	0.12087
SIK2	6	0.92889	0.92721	0.997951	455	0	0.068418	0.37902	0.52106	0.98587	247	2	0.068418
PKN1	6	0.93019	0.92871	0.997951	456	0	0.25747	0.069715	0.16331	0.976997	79	3	0.25747
MAPK8	6	0.93459	0.93344	0.998412	457	0	-0.018631	0.74961	0.76173	0.98587	367	1	-0.018631
STK32A	6	0.93479	0.93362	0.998412	458	0	0.050229	0.14723	0.28775	0.98587	139	2	0.050229
PDK1	4	0.93617	0.93548	0.998412	459	0	0.038324	0.70141	0.70121	0.98587	345	0	0.038324
TSSK2	6	0.93817	0.93728	0.998412	460	0	0.14498	0.74331	0.75719	0.98587	364	1	0.14498
BTK	6	0.94378	0.94299	0.999606	461	0	0.25509	0.012781	0.041584	0.754675	26	2	0.25509
MAPK11	6	0.95091	0.95056	0.999606	462	0	0.17672	0.13153	0.26319	0.976997	132	2	0.17672
KSR2	6	0.95107	0.95074	0.999606	463	0	0.32056	0.031492	0.091842	0.930846	46	3	0.32056
NEK6	6	0.95249	0.95216	0.999606	464	0	0.22245	0.75148	0.76304	0.98587	368	1	0.22245
PDK4	6	0.95568	0.95514	0.999606	465	0	0.20819	0.13016	0.26107	0.976997	130	3	0.20819
YES1	6	0.95868	0.95825	0.999606	466	0	0.20751	0.45095	0.59116	0.98587	277	2	0.20751
FGFR4	6	0.95951	0.95918	0.999606	467	0	0.12734	0.34828	0.49179	0.98587	235	2	0.12734
LRRK2	6	0.96019	0.95991	0.999606	468	0	0.62642	0.00086397	0.0039083	0.298847	6	4	0.62642
NPR1	6	0.96099	0.96085	0.999606	469	0	0.17019	0.27172	0.42077	0.98587	198	2	0.17019
STK31	6	0.96492	0.96521	0.999606	470	0	0.30226	0.019935	0.061418	0.841315	34	4	0.30226
FER	6	0.96795	0.96785	0.999606	471	0	0.21283	0.70483	0.73136	0.98587	347	1	0.21283
KDR	6	0.96895	0.96887	0.999606	472	0	0.10344	0.28371	0.43171	0.98587	203	2	0.10344
JAK3	12	0.96911	0.96949	0.999606	473	0	0.17413	0.26034	0.50188	0.98587	194	4	0.17413
BUB1	6	0.97209	0.97209	0.999606	474	0	0.59261	0.0088633	0.030924	0.725397	19	3	0.59261
CDK5	6	0.97229	0.97228	0.999606	475	0	0.61674	0.0023924	0.01012	0.495874	10	4	0.61674
GAK	6	0.97936	0.97891	0.999606	476	0	1.1752	0.0010354	0.0045918	0.298847	8	4	1.1752
KSR1	6	0.98215	0.98179	0.999606	477	0	0.32281	0.16156	0.31038	0.98587	152	3	0.32281
SLK	6	0.98516	0.98503	0.999606	478	0	0.29908	0.11818	0.24226	0.976997	118	3	0.29908
WNK1	6	0.98773	0.98777	0.999606	479	0	0.56894	0.027647	0.081945	0.930846	43	4	0.56894
STK17B	6	0.98971	0.98972	0.999606	480	0	0.27687	0.086922	0.19206	0.976997	91	3	0.27687
CSNK1G3	6	0.99141	0.99151	0.999606	481	0	0.50642	0.016708	0.052402	0.828296	31	4	0.50642
STK40	6	0.99148	0.99156	0.999606	482	0	0.65453	0.0056593	0.022127	0.637778	17	4	0.65453
PRKCQ	6	0.99234	0.99249	0.999606	483	0	0.35887	0.084289	0.18773	0.976997	89	3	0.35887
TAOK2	6	0.99248	0.99264	0.999606	484	0	0.47603	0.01126	0.037215	0.754675	24	4	0.47603
CDK11A	6	0.99274	0.99296	0.999606	485	0	0.33152	0.25375	0.40494	0.98587	190	1	0.33152
EPHA1	6	0.99343	0.99347	0.999606	486	0	0.35334	0.03896	0.10989	0.930846	57	4	0.35334
AK2	6	0.99346	0.99349	0.999606	487	0	0.36756	0.038429	0.10871	0.930846	55	4	0.36756
NEK1	6	0.99621	0.99606	0.999995	488	0	0.41919	0.0017508	0.007336	0.399407	9	5	0.41919
RNASEL	6	0.99823	0.99818	0.999995	489	0	0.35112	0.018472	0.057316	0.841315	32	4	0.35112
STK11	6	0.99998	1.0	0.999995	490	0	1.1649	1.1019e-06	4.9534e-06	0.001214	1	6	1.1649
